50
0 52 76 78 72 58 58 41 32 35 44 52 26 34 53 79 42 6 91 48 13 33 21 80 76 59 20 99 64 39 99 94 96 24 25 62 48 13 77 76 7 3 56 80 9 11 21 71 48 88 
52 0 86 65 25 44 66 57 85 31 77 32 73 58 84 64 7 41 54 73 88 58 25 51 88 22 29 51 25 51 0 88 17 70 30 95 26 24 96 39 47 75 64 66 97 17 83 85 19 71 
76 86 0 7 34 28 49 44 13 64 20 63 58 66 14 19 42 57 22 84 29 17 39 97 41 50 11 45 30 36 84 10 59 61 43 27 82 96 42 69 65 54 39 77 8 12 4 36 15 37 
78 65 7 0 70 64 43 50 78 86 61 4 19 69 7 10 53 7 40 64 68 71 96 67 72 44 69 3 85 60 21 11 32 45 80 28 69 57 66 73 65 84 42 20 95 36 38 14 46 61 
72 25 34 70 0 99 21 58 47 33 99 92 53 84 70 10 56 6 27 52 45 13 99 28 88 82 50 35 94 79 11 92 70 7 42 29 52 27 18 82 90 89 30 50 25 45 11 8 80 51 
58 44 28 64 99 0 35 62 88 2 49 9 12 70 13 66 56 10 47 69 34 57 64 39 52 34 18 87 13 23 18 26 62 58 75 17 33 35 61 70 18 27 63 66 19 59 2 32 42 26 
58 66 49 43 21 35 0 60 3 97 8 30 99 57 35 82 41 88 7 9 12 86 14 57 16 47 39 75 10 16 72 48 66 67 72 77 66 16 79 1 16 6 49 26 32 60 65 17 0 14 
41 57 44 50 58 62 60 0 74 20 7 8 65 25 77 5 38 42 4 96 58 16 46 16 50 18 79 15 21 34 38 42 8 53 1 16 6 60 5 60 60 3 32 68 47 84 89 28 61 14 
32 85 13 78 47 88 3 74 0 54 56 91 48 53 12 56 64 53 14 68 92 1 45 36 12 27 44 33 25 31 46 36 62 35 46 84 74 87 16 40 87 14 79 24 63 63 41 3 72 90 
35 31 64 86 33 2 97 20 54 0 20 0 14 27 23 93 53 6 74 54 7 78 83 35 65 8 47 56 10 55 44 53 33 48 89 50 69 4 55 19 63 67 27 1 92 18 19 4 97 25 
44 77 20 61 99 49 8 7 56 20 0 25 93 27 74 28 64 40 86 49 47 52 61 1 35 16 10 2 11 67 89 67 82 3 80 54 75 19 25 73 69 59 54 86 9 48 52 44 71 27 
52 32 63 4 92 9 30 8 91 0 25 0 22 86 49 8 2 95 4 84 14 98 96 76 49 9 59 61 57 74 42 70 8 35 31 89 59 75 12 75 47 97 94 17 76 41 2 79 61 57 
26 73 58 19 53 12 99 65 48 14 93 22 0 76 25 29 18 10 73 44 13 84 61 33 77 82 42 44 31 75 82 33 98 5 43 27 32 2 52 0 14 42 85 46 92 0 14 15 89 23 
34 58 66 69 84 70 57 25 53 27 27 86 76 0 53 70 54 9 43 45 61 35 42 24 22 8 89 40 33 24 4 21 92 94 86 22 13 81 77 14 43 0 73 28 38 85 61 80 21 55 
53 84 14 7 70 13 35 77 12 23 74 49 25 53 0 87 69 60 73 67 28 59 79 12 35 30 17 35 48 47 11 37 85 58 91 31 12 16 11 68 71 63 90 20 5 97 58 41 57 60 
79 64 19 10 10 66 82 5 56 93 28 8 29 70 87 0 12 36 21 59 87 85 52 20 60 91 48 78 76 35 30 73 32 91 56 68 81 29 5 3 92 50 62 63 85 49 33 40 40 65 
42 7 42 53 56 56 41 38 64 53 64 2 18 54 69 12 0 97 54 21 42 9 83 13 0 98 8 91 57 33 31 77 22 30 18 48 34 70 15 14 88 29 15 45 46 64 0 10 55 11 
6 41 57 7 6 10 88 42 53 6 40 95 10 9 60 36 97 0 99 41 89 31 12 17 95 28 11 56 23 42 35 72 84 79 40 81 92 58 1 19 81 28 57 5 18 87 33 76 1 52 
91 54 22 40 27 47 7 4 14 74 86 4 73 43 73 21 54 99 0 87 38 87 97 93 70 56 96 96 68 69 60 1 14 0 2 55 18 27 45 31 37 46 22 48 66 39 90 61 55 27 
48 73 84 64 52 69 9 96 68 54 49 84 44 45 67 59 21 41 87 0 61 10 84 56 45 52 13 49 2 26 50 79 36 45 96 42 3 59 95 11 26 43 79 90 56 89 95 50 76 22 
13 88 29 68 45 34 12 58 92 7 47 14 13 61 28 87 42 89 38 61 0 24 50 39 3 76 80 65 16 38 89 84 71 3 92 2 99 68 43 7 71 27 0 14 55 60 1 36 99 97 
33 58 17 71 13 57 86 16 1 78 52 98 84 35 59 85 9 31 87 10 24 0 24 23 83 1 98 82 19 50 47 34 89 37 17 92 32 15 94 6 43 87 82 49 47 51 70 85 74 26 
21 25 39 96 99 64 14 46 45 83 61 96 61 42 79 52 83 12 97 84 50 24 0 16 84 99 63 91 57 40 67 29 36 22 41 72 0 3 51 39 37 60 89 44 0 66 22 75 1 97 
80 51 97 67 28 39 57 16 36 35 1 76 33 24 12 20 13 17 93 56 39 23 16 0 39 8 39 21 36 78 88 13 62 32 99 45 47 42 55 99 85 69 62 58 38 59 88 80 54 57 
76 88 41 72 88 52 16 50 12 65 35 49 77 22 35 60 0 95 70 45 3 83 84 39 0 83 31 23 83 23 23 93 92 55 78 30 48 66 88 81 63 17 78 3 90 90 11 39 52 30 
59 22 50 44 82 34 47 18 27 8 16 9 82 8 30 91 98 28 56 52 76 1 99 8 83 0 63 59 11 76 88 13 83 32 37 32 17 48 10 12 45 26 87 15 41 48 50 37 88 90 
20 29 11 69 50 18 39 79 44 47 10 59 42 89 17 48 8 11 96 13 80 98 63 39 31 63 0 95 89 87 81 62 11 23 98 4 27 18 89 27 42 68 91 31 99 74 79 45 18 2 
99 51 45 3 35 87 75 15 33 56 2 61 44 40 35 78 91 56 96 49 65 82 91 21 23 59 95 0 20 42 53 17 57 84 29 6 40 61 7 73 25 27 0 68 43 67 4 25 63 94 
64 25 30 85 94 13 10 21 25 10 11 57 31 33 48 76 57 23 68 2 16 19 57 36 83 11 89 20 0 31 73 16 54 70 57 40 17 87 32 73 93 31 65 6 41 2 31 65 63 19 
39 51 36 60 79 23 16 34 31 55 67 74 75 24 47 35 33 42 69 26 38 50 40 78 23 76 87 42 31 0 54 49 35 95 56 84 35 51 14 74 77 9 34 51 47 3 87 75 22 64 
99 0 84 21 11 18 72 38 46 44 89 42 82 4 11 30 31 35 60 50 89 47 67 88 23 88 81 53 73 54 0 99 69 51 9 8 49 7 68 49 54 65 27 25 61 2 43 24 71 84 
94 88 10 11 92 26 48 42 36 53 67 70 33 21 37 73 77 72 1 79 84 34 29 13 93 13 62 17 16 49 99 0 41 53 23 32 19 11 23 38 96 39 61 32 41 80 95 32 3 35 
96 17 59 32 70 62 66 8 62 33 82 8 98 92 85 32 22 84 14 36 71 89 36 62 92 83 11 57 54 35 69 41 0 92 34 62 10 94 47 57 99 1 91 73 42 34 18 84 52 25 
24 70 61 45 7 58 67 53 35 48 3 35 5 94 58 91 30 79 0 45 3 37 22 32 55 32 23 84 70 95 51 53 92 0 74 34 32 89 48 87 25 57 74 73 41 84 80 21 33 79 
25 30 43 80 42 75 72 1 46 89 80 31 43 86 91 56 18 40 2 96 92 17 41 99 78 37 98 29 57 56 9 23 34 74 0 12 96 60 63 65 36 30 86 59 24 79 2 50 78 94 
62 95 27 28 29 17 77 16 84 50 54 89 27 22 31 68 48 81 55 42 2 92 72 45 30 32 4 6 40 84 8 32 62 34 12 0 33 15 13 1 57 20 30 54 24 28 4 51 32 68 
48 26 82 69 52 33 66 6 74 69 75 59 32 13 12 81 34 92 18 3 99 32 0 47 48 17 27 40 17 35 49 19 10 32 96 33 0 59 46 8 71 19 81 47 11 7 86 27 69 1 
13 24 96 57 27 35 16 60 87 4 19 75 2 81 16 29 70 58 27 59 68 15 3 42 66 48 18 61 87 51 7 11 94 89 60 15 59 0 55 43 6 58 36 69 69 5 66 90 50 40 
77 96 42 66 18 61 79 5 16 55 25 12 52 77 11 5 15 1 45 95 43 94 51 55 88 10 89 7 32 14 68 23 47 48 63 13 46 55 0 81 88 72 23 1 55 59 41 7 37 47 
76 39 69 73 82 70 1 60 40 19 73 75 0 14 68 3 14 19 31 11 7 6 39 99 81 12 27 73 73 74 49 38 57 87 65 1 8 43 81 0 11 95 27 94 80 57 8 30 27 65 
7 47 65 65 90 18 16 60 87 63 69 47 14 43 71 92 88 81 37 26 71 43 37 85 63 45 42 25 93 77 54 96 99 25 36 57 71 6 88 11 0 28 40 27 92 3 98 85 66 90 
3 75 54 84 89 27 6 3 14 67 59 97 42 0 63 50 29 28 46 43 27 87 60 69 17 26 68 27 31 9 65 39 1 57 30 20 19 58 72 95 28 0 34 48 46 11 4 42 89 64 
56 64 39 42 30 63 49 32 79 27 54 94 85 73 90 62 15 57 22 79 0 82 89 62 78 87 91 0 65 34 27 61 91 74 86 30 81 36 23 27 40 34 0 28 11 67 77 70 23 19 
80 66 77 20 50 66 26 68 24 1 86 17 46 28 20 63 45 5 48 90 14 49 44 58 3 15 31 68 6 51 25 32 73 73 59 54 47 69 1 94 27 48 28 0 15 9 90 94 2 54 
9 97 8 95 25 19 32 47 63 92 9 76 92 38 5 85 46 18 66 56 55 47 0 38 90 41 99 43 41 47 61 41 42 41 24 24 11 69 55 80 92 46 11 15 0 15 23 99 67 83 
11 17 12 36 45 59 60 84 63 18 48 41 0 85 97 49 64 87 39 89 60 51 66 59 90 48 74 67 2 3 2 80 34 84 79 28 7 5 59 57 3 11 67 9 15 0 6 19 86 43 
21 83 4 38 11 2 65 89 41 19 52 2 14 61 58 33 0 33 90 95 1 70 22 88 11 50 79 4 31 87 43 95 18 80 2 4 86 66 41 8 98 4 77 90 23 6 0 47 31 24 
71 85 36 14 8 32 17 28 3 4 44 79 15 80 41 40 10 76 61 50 36 85 75 80 39 37 45 25 65 75 24 32 84 21 50 51 27 90 7 30 85 42 70 94 99 19 47 0 96 38 
48 19 15 46 80 42 0 61 72 97 71 61 89 21 57 40 55 1 55 76 99 74 1 54 52 88 18 63 63 22 71 3 52 33 78 32 69 50 37 27 66 89 23 2 67 86 31 96 0 12 
88 71 37 61 51 26 14 14 90 25 27 57 23 55 60 65 11 52 27 22 97 26 97 57 30 90 2 94 19 64 84 35 25 79 94 68 1 40 47 65 90 64 19 54 83 43 24 38 12 0 
