100
0 98 72 28 81 58 31 68 21 56 33 95 76 67 87 14 66 95 17 6 73 18 81 41 85 84 14 40 62 43 5 19 26 41 37 86 62 28 51 54 63 69 9 79 94 93 96 77 45 29 77 29 60 28 84 76 40 95 49 88 39 53 45 86 78 40 81 23 49 52 58 42 91 23 68 80 30 79 56 36 10 41 34 74 71 95 41 15 87 97 13 22 65 55 35 18 38 59 79 25 
98 0 1 6 56 33 30 22 26 89 14 92 9 31 51 31 87 21 74 61 98 95 2 97 87 4 15 15 31 92 4 49 20 46 16 27 29 26 23 1 64 4 17 96 65 29 59 67 96 26 85 40 0 82 65 60 94 40 55 96 29 99 31 23 95 75 24 41 26 54 6 21 98 91 98 79 46 90 94 52 74 57 52 55 83 27 33 46 51 51 59 6 49 52 52 92 85 48 50 10 
72 1 0 61 32 99 46 71 79 74 13 66 19 93 15 97 25 78 7 31 96 37 78 74 73 59 6 39 42 82 53 82 49 73 56 99 72 95 67 28 68 24 87 67 67 11 63 12 32 20 82 37 73 29 89 2 95 57 90 87 85 97 82 5 14 71 93 32 55 93 9 96 70 38 63 56 67 88 65 68 68 98 1 23 2 10 27 23 3 0 20 5 54 13 31 18 71 26 36 69 
28 6 61 0 52 49 15 64 25 70 19 4 66 20 81 64 62 16 37 74 72 59 3 30 33 35 87 69 80 75 87 74 32 95 46 44 72 24 34 7 93 1 18 77 0 92 38 57 67 93 17 23 7 44 90 3 95 27 23 32 32 22 83 17 25 46 13 2 14 89 34 58 70 7 92 86 6 7 50 10 1 18 29 88 89 38 84 45 4 48 0 92 41 66 58 10 25 30 3 52 
81 56 32 52 0 27 64 3 96 36 92 77 35 27 57 70 12 5 95 85 90 16 95 92 48 76 81 66 34 27 63 93 77 74 77 86 76 25 97 92 46 18 59 97 59 8 59 1 34 15 80 41 54 0 21 35 29 94 99 26 79 35 78 76 63 6 53 12 52 39 9 89 19 94 58 53 32 44 96 85 61 55 5 30 74 76 64 53 84 80 7 54 97 24 2 38 60 98 79 0 
58 33 99 49 27 0 26 82 71 44 68 54 75 20 65 43 20 7 17 40 77 94 4 0 66 37 44 28 58 60 41 55 63 52 51 87 19 38 88 33 11 47 73 7 34 81 6 18 23 54 37 40 45 99 34 1 1 0 46 59 87 35 92 91 34 10 21 71 48 31 96 69 89 43 33 2 61 30 47 88 54 15 61 85 65 76 78 26 44 2 13 41 57 83 12 96 86 43 41 51 
31 30 46 15 64 26 0 11 33 20 64 26 35 8 73 38 23 32 34 48 38 22 45 89 45 38 80 92 6 54 6 31 8 19 87 99 16 4 27 77 90 74 9 77 8 63 69 35 74 61 51 29 38 48 50 60 86 4 78 19 25 8 54 74 78 75 95 49 89 5 86 39 21 44 17 15 74 46 54 73 60 50 35 98 64 2 94 75 80 23 76 31 66 64 41 90 90 38 77 21 
68 22 71 64 3 82 11 0 41 53 26 88 42 17 11 62 52 32 88 23 82 43 11 6 92 92 59 14 41 75 19 96 18 93 71 18 7 74 28 90 41 40 38 54 97 40 12 32 3 53 74 84 71 32 2 17 13 39 34 61 75 7 67 80 9 72 52 16 5 41 13 68 25 32 25 31 22 51 95 16 75 39 42 39 51 5 53 91 24 79 7 24 89 69 82 17 35 1 63 86 
21 26 79 25 96 71 33 41 0 0 26 26 43 32 84 69 69 25 73 32 31 11 87 51 49 98 35 75 77 5 43 98 22 3 24 62 22 11 39 54 97 16 12 34 8 91 10 84 40 35 30 44 20 72 7 24 70 64 24 93 54 83 28 67 84 41 40 75 40 14 46 15 52 93 93 98 2 26 70 79 54 23 2 50 43 18 95 54 61 97 45 41 50 59 29 53 66 51 16 24 
56 89 74 70 36 44 20 53 0 0 93 19 59 20 49 92 16 20 34 44 1 3 5 1 61 82 44 0 54 86 16 54 2 38 54 4 23 10 16 14 6 29 11 95 26 19 78 67 77 24 6 10 67 94 86 81 22 73 48 75 33 26 33 82 59 53 92 68 53 48 69 92 45 54 61 46 22 5 76 68 39 61 48 88 31 9 49 19 31 35 85 11 96 79 5 97 5 77 79 69 
33 14 13 19 92 68 64 26 26 93 0 88 89 43 39 85 77 60 40 7 42 63 90 64 99 80 81 98 16 14 67 95 11 38 79 97 61 60 7 46 75 44 75 52 23 60 26 2 47 31 68 7 50 83 89 3 87 76 38 7 66 28 54 62 29 72 88 55 80 61 48 28 81 9 55 0 27 52 69 92 18 2 11 99 13 75 85 52 0 42 50 70 25 76 82 0 33 53 94 16 
95 92 66 4 77 54 26 88 26 19 88 0 4 53 68 9 82 36 73 4 94 29 72 95 97 49 96 9 87 8 91 79 66 65 19 97 32 38 61 13 96 76 12 88 48 88 68 54 55 20 29 89 42 97 20 99 77 65 72 77 95 86 53 60 14 29 11 61 18 2 82 62 70 77 43 96 46 26 78 20 83 62 6 38 84 50 87 92 69 37 51 70 59 69 13 75 12 67 98 25 
76 9 19 66 35 75 35 42 43 59 89 4 0 57 80 97 13 30 37 18 8 76 23 20 25 19 20 25 73 44 70 55 75 42 5 92 21 61 21 18 80 70 18 65 26 79 3 3 63 40 98 99 95 52 46 33 55 38 65 93 75 81 93 83 26 51 17 96 70 11 65 68 79 47 74 60 91 1 0 86 80 68 63 40 2 88 33 37 92 36 89 92 30 37 37 43 94 56 62 27 
67 31 93 20 27 20 8 17 32 20 43 53 57 0 15 39 22 63 24 96 27 19 10 83 47 68 0 19 21 57 4 93 6 64 62 66 85 59 10 3 36 15 15 22 67 56 35 30 0 71 67 39 18 21 27 9 80 87 79 29 14 35 69 96 97 83 72 15 28 69 18 50 47 27 73 68 9 40 12 0 23 57 88 28 22 83 67 63 14 37 26 61 13 50 26 79 92 84 9 27 
87 51 15 81 57 65 73 11 84 49 39 68 80 15 0 18 36 31 11 58 32 93 6 34 63 14 9 58 84 75 1 40 16 93 13 95 45 83 71 86 58 67 75 89 49 35 67 83 49 64 59 77 53 53 53 16 8 6 53 82 71 81 32 82 89 18 75 17 36 15 28 85 94 99 27 81 53 85 19 40 7 18 16 7 33 50 57 50 0 0 16 99 24 32 33 6 98 62 81 33 
14 31 97 64 70 43 38 62 69 92 85 9 97 39 18 0 80 83 47 23 71 19 57 68 88 19 82 16 79 4 43 13 6 41 96 89 79 31 86 89 23 57 55 87 26 88 86 14 79 57 84 67 76 95 76 46 14 20 16 35 89 95 16 79 51 48 21 28 32 83 30 68 82 96 6 2 46 41 28 25 63 87 88 18 22 41 31 42 36 2 9 54 1 66 27 37 81 37 81 59 
66 87 25 62 12 20 23 52 69 16 77 82 13 22 36 80 0 84 93 90 71 18 30 11 1 74 76 73 67 22 71 14 10 77 56 8 62 72 16 2 56 54 58 72 63 26 30 66 50 63 49 32 55 48 29 37 30 90 29 6 54 87 55 95 53 92 78 97 88 28 94 55 29 72 18 71 24 84 49 43 81 36 54 30 20 23 23 57 45 57 82 84 18 14 37 82 39 45 35 8 
95 21 78 16 5 7 32 32 25 20 60 36 30 63 31 83 84 0 88 63 32 91 17 85 83 71 45 13 52 21 41 44 9 26 90 67 6 34 76 95 64 45 89 4 67 36 78 49 44 95 36 81 74 98 13 35 77 30 94 67 85 95 61 67 45 97 80 84 51 5 49 18 50 62 29 27 39 75 76 75 5 11 66 2 48 65 32 75 51 78 19 89 86 62 86 12 27 99 67 34 
17 74 7 37 95 17 34 88 73 34 40 73 37 24 11 47 93 88 0 47 4 31 64 57 47 23 85 35 58 72 69 93 44 19 98 10 55 78 12 41 25 3 76 1 1 83 84 58 52 95 65 20 70 47 93 68 79 83 81 58 91 22 12 12 70 11 26 28 84 88 99 20 81 27 82 65 89 60 18 59 12 72 70 68 24 27 87 60 64 5 27 3 74 95 63 31 93 30 20 30 
6 61 31 74 85 40 48 23 32 44 7 4 18 96 58 23 90 63 47 0 21 5 56 16 75 59 1 17 20 97 0 45 39 74 99 10 72 61 0 28 37 92 95 52 99 10 71 74 92 80 26 96 1 49 98 72 99 39 95 59 85 90 91 21 92 80 50 85 14 96 24 82 73 21 77 76 47 87 68 12 77 36 3 58 13 16 6 25 89 87 90 86 65 28 10 35 21 11 6 99 
73 98 96 72 90 77 38 82 31 1 42 94 8 27 32 71 71 32 4 21 0 41 73 53 10 74 92 85 18 65 99 45 50 27 51 7 36 40 11 23 22 25 66 69 54 14 58 95 98 97 3 3 87 97 27 93 73 18 65 36 92 38 76 63 71 49 73 50 10 34 13 23 12 31 73 88 35 64 97 91 58 67 80 58 44 95 22 12 27 42 4 53 53 81 8 58 12 25 65 97 
18 95 37 59 16 94 22 43 11 3 63 29 76 19 93 19 18 91 31 5 41 0 45 88 82 92 26 47 72 40 92 74 79 9 84 80 73 57 68 90 38 4 71 19 56 44 41 83 15 77 4 13 89 62 63 42 91 74 21 32 55 75 15 48 46 59 28 56 76 70 62 86 52 35 57 91 10 49 84 15 95 5 52 54 31 79 37 94 54 7 72 8 57 51 91 87 82 14 73 36 
81 2 78 3 95 4 45 11 87 5 90 72 23 10 6 57 30 17 64 56 73 45 0 3 68 18 84 23 81 10 31 66 4 94 5 62 74 71 24 52 95 64 86 82 85 80 77 44 14 16 38 29 41 7 38 31 59 35 91 7 91 82 14 95 33 55 10 99 67 62 87 31 86 98 46 68 88 68 25 46 58 94 97 61 6 64 31 51 47 39 72 45 81 96 78 67 57 7 13 91 
41 97 74 30 92 0 89 6 51 1 64 95 20 83 34 68 11 85 57 16 53 88 3 0 45 44 55 22 76 84 57 66 45 1 54 28 82 41 5 73 10 5 66 41 96 25 78 23 47 49 70 52 74 86 67 52 83 78 88 7 45 3 35 55 76 99 53 93 15 13 93 41 48 84 25 7 58 9 94 99 32 84 98 95 18 32 7 1 15 52 13 79 2 1 37 75 53 49 50 35 
85 87 73 33 48 66 45 92 49 61 99 97 25 47 63 88 1 83 47 75 10 82 68 45 0 39 34 82 94 81 9 39 50 86 99 83 65 5 18 85 84 72 81 21 99 43 37 24 50 1 36 62 70 27 91 85 4 36 24 15 99 5 71 43 33 23 19 41 99 77 22 93 58 80 73 30 91 11 85 40 36 72 18 38 33 31 46 82 49 76 48 53 24 67 31 47 46 53 17 49 
84 4 59 35 76 37 38 92 98 82 80 49 19 68 14 19 74 71 23 59 74 92 18 44 39 0 43 98 13 64 39 47 68 37 34 32 33 24 48 90 5 26 75 36 98 45 5 25 64 59 98 84 17 53 15 80 13 82 97 85 22 47 81 35 46 63 55 90 29 45 79 59 91 26 40 43 86 77 54 14 89 85 8 4 43 47 85 96 87 72 71 29 82 70 49 74 76 23 39 41 
14 15 6 87 81 44 80 59 35 44 81 96 20 0 9 82 76 45 85 1 92 26 84 55 34 43 0 4 28 5 36 66 57 37 76 43 56 94 8 7 4 38 82 72 11 88 37 51 84 47 80 20 57 87 86 52 93 84 36 39 31 98 71 52 15 29 55 8 16 26 33 54 91 0 84 54 78 56 44 25 22 12 71 81 40 26 49 47 46 48 96 73 7 74 94 19 28 80 35 17 
40 15 39 69 66 28 92 14 75 0 98 9 25 19 58 16 73 13 35 17 85 47 23 22 82 98 4 0 23 94 78 47 50 63 7 17 80 16 95 30 69 14 17 61 71 67 2 49 89 71 64 39 64 24 95 22 41 26 57 24 39 46 36 68 46 97 46 78 17 66 88 88 57 2 87 59 66 34 10 99 23 67 45 52 90 85 28 16 10 72 76 6 5 61 66 82 19 97 50 49 
62 31 42 80 34 58 6 41 77 54 16 87 73 21 84 79 67 52 58 20 18 72 81 76 94 13 28 23 0 45 32 66 8 62 3 33 99 52 99 59 23 99 2 87 41 12 69 40 59 21 89 1 42 22 72 8 26 67 4 46 25 67 46 17 6 25 29 11 14 15 2 63 7 2 55 2 1 72 56 32 22 17 42 56 70 36 27 58 82 9 64 84 14 97 94 38 63 66 88 16 
43 92 82 75 27 60 54 75 5 86 14 8 44 57 75 4 22 21 72 97 65 40 10 84 81 64 5 94 45 0 56 82 18 56 69 31 87 53 9 93 85 46 93 47 41 8 90 51 78 56 56 6 32 17 49 33 66 63 85 56 33 81 8 96 76 84 35 90 20 13 72 98 57 23 0 77 44 63 79 73 29 79 50 76 52 53 82 37 7 6 89 39 23 13 87 2 28 98 91 48 
5 4 53 87 63 41 6 19 43 16 67 91 70 4 1 43 71 41 69 0 99 92 31 57 9 39 36 78 32 56 0 60 25 95 89 92 56 55 27 78 78 36 77 95 89 6 7 5 63 20 43 1 69 80 71 58 5 40 56 14 78 51 56 30 30 82 56 42 44 45 59 56 4 26 31 73 48 6 65 14 48 0 21 52 18 72 41 47 81 20 99 93 81 57 66 3 52 92 16 59 
19 49 82 74 93 55 31 96 98 54 95 79 55 93 40 13 14 44 93 45 45 74 66 66 39 47 66 47 66 82 60 0 55 24 0 28 67 81 14 79 39 20 65 27 96 89 97 19 68 3 73 21 68 86 9 51 93 35 27 82 50 33 77 26 29 51 11 56 11 44 20 45 86 78 12 96 82 84 48 80 36 23 46 12 67 99 62 74 36 79 22 59 77 34 71 92 6 98 2 87 
26 20 49 32 77 63 8 18 22 2 11 66 75 6 16 6 10 9 44 39 50 79 4 45 50 68 57 50 8 18 25 55 0 70 39 19 30 5 90 20 6 95 32 58 41 60 86 16 96 70 10 24 23 57 7 80 86 9 23 22 5 83 73 25 6 74 79 44 43 41 67 5 24 78 58 31 62 37 70 44 22 40 44 98 45 64 38 44 88 73 35 26 61 30 53 63 12 79 32 16 
41 46 73 95 74 52 19 93 3 38 38 65 42 64 93 41 77 26 19 74 27 9 94 1 86 37 37 63 62 56 95 24 70 0 81 16 20 93 6 41 49 26 89 20 9 21 5 54 20 68 58 73 75 47 56 99 14 39 7 21 48 84 1 7 45 73 69 16 3 11 97 22 14 1 68 72 21 99 37 92 71 17 52 88 88 0 6 80 6 88 53 3 39 41 61 48 79 40 38 88 
37 16 56 46 77 51 87 71 24 54 79 19 5 62 13 96 56 90 98 99 51 84 5 54 99 34 76 7 3 69 89 0 39 81 0 7 88 0 33 33 19 73 9 32 31 31 29 48 71 76 29 80 39 78 91 96 23 29 24 2 61 25 2 25 57 30 84 36 2 59 79 33 19 46 35 81 68 77 42 76 12 6 61 11 41 5 70 67 78 68 60 81 40 28 63 60 7 2 4 66 
86 27 99 44 86 87 99 18 62 4 97 97 92 66 95 89 8 67 10 10 7 80 62 28 83 32 43 17 33 31 92 28 19 16 7 0 17 26 96 30 3 19 51 63 43 77 19 91 49 57 67 13 33 70 69 72 67 73 52 40 51 82 37 27 24 10 84 76 20 14 24 61 85 50 83 80 79 3 19 32 26 18 63 41 75 77 6 46 64 10 34 80 29 56 28 95 75 86 17 88 
62 29 72 72 76 19 16 7 22 23 61 32 21 85 45 79 62 6 55 72 36 73 74 82 65 33 56 80 99 87 56 67 30 20 88 17 0 71 38 86 2 2 21 17 99 36 61 51 64 36 62 65 45 8 23 35 78 34 49 76 31 19 69 37 39 31 46 5 1 75 66 22 64 86 17 51 84 79 53 34 98 12 74 53 52 40 63 76 11 69 3 17 42 80 85 28 24 74 97 46 
28 26 95 24 25 38 4 74 11 10 60 38 61 59 83 31 72 34 78 61 40 57 71 41 5 24 94 16 52 53 55 81 5 93 0 26 71 0 3 75 30 10 52 13 62 75 79 32 95 46 58 37 21 31 22 66 93 14 71 81 39 13 18 77 28 17 45 22 20 11 74 75 15 44 73 39 28 88 79 41 49 97 33 66 26 68 43 38 86 93 2 26 47 80 65 17 3 31 11 8 
51 23 67 34 97 88 27 28 39 16 7 61 21 10 71 86 16 76 12 0 11 68 24 5 18 48 8 95 99 9 27 14 90 6 33 96 38 3 0 43 44 54 80 52 65 59 32 22 11 90 53 53 75 79 35 88 66 11 92 12 41 57 8 85 87 76 60 13 23 54 12 61 5 75 13 26 72 12 92 29 42 67 33 98 49 47 67 8 43 62 45 37 41 75 3 22 12 84 63 66 
54 1 28 7 92 33 77 90 54 14 46 13 18 3 86 89 2 95 41 28 23 90 52 73 85 90 7 30 59 93 78 79 20 41 33 30 86 75 43 0 21 9 59 84 83 33 47 19 22 89 47 29 43 10 99 40 19 78 20 54 86 64 45 5 78 61 62 62 37 55 9 2 32 0 18 22 72 44 17 41 79 25 56 38 72 83 94 28 21 23 32 97 75 22 27 38 44 19 43 73 
63 64 68 93 46 11 90 41 97 6 75 96 80 36 58 23 56 64 25 37 22 38 95 10 84 5 4 69 23 85 78 39 6 49 19 3 2 30 44 21 0 12 87 82 22 29 24 60 64 90 80 8 0 6 89 85 55 63 82 35 65 2 11 65 22 43 58 99 26 86 76 8 42 51 10 87 37 35 85 20 94 72 90 55 74 25 28 84 46 23 39 93 71 83 49 33 10 80 77 57 
69 4 24 1 18 47 74 40 16 29 44 76 70 15 67 57 54 45 3 92 25 4 64 5 72 26 38 14 99 46 36 20 95 26 73 19 2 10 54 9 12 0 36 53 69 66 66 6 34 4 7 47 58 22 39 10 0 22 57 97 40 38 77 45 70 93 42 87 94 33 99 84 23 2 5 16 57 62 61 7 65 39 69 61 15 61 12 60 55 14 12 45 53 71 81 43 96 14 11 23 
9 17 87 18 59 73 9 38 12 11 75 12 18 15 75 55 58 89 76 95 66 71 86 66 81 75 82 17 2 93 77 65 32 89 9 51 21 52 80 59 87 36 0 26 77 77 21 36 18 3 85 4 26 71 7 45 66 42 77 58 35 33 58 83 82 99 71 64 32 45 90 27 36 97 75 44 89 90 53 53 4 48 1 0 71 88 71 21 17 22 18 8 42 50 93 53 38 15 31 84 
79 96 67 77 97 7 77 54 34 95 52 88 65 22 89 87 72 4 1 52 69 19 82 41 21 36 72 61 87 47 95 27 58 20 32 63 17 13 52 84 82 53 26 0 63 47 39 64 52 9 35 96 45 72 51 8 40 7 31 82 37 83 66 96 39 5 13 32 76 39 23 99 19 99 3 58 68 85 25 15 29 37 66 3 61 68 12 18 27 21 81 57 40 25 67 0 28 60 61 59 
94 65 67 0 59 34 8 97 8 26 23 48 26 67 49 26 63 67 1 99 54 56 85 96 99 98 11 71 41 41 89 96 41 9 31 43 99 62 65 83 22 69 77 63 0 95 43 38 2 29 51 1 78 69 60 80 8 20 59 53 61 56 62 62 80 80 29 68 62 68 30 53 36 29 58 87 64 72 52 89 87 98 75 61 27 33 36 68 52 32 74 3 5 40 97 23 44 27 75 59 
93 29 11 92 8 81 63 40 91 19 60 88 79 56 35 88 26 36 83 10 14 44 80 25 43 45 88 67 12 8 6 89 60 21 31 77 36 75 59 33 29 66 77 47 95 0 44 32 50 9 64 37 76 3 28 87 64 52 48 45 28 41 9 64 60 17 25 9 95 29 63 71 7 1 99 89 7 3 17 26 24 76 52 33 36 4 6 40 43 96 79 3 37 98 30 5 66 92 56 96 
96 59 63 38 59 6 69 12 10 78 26 68 3 35 67 86 30 78 84 71 58 41 77 78 37 5 37 2 69 90 7 97 86 5 29 19 61 79 32 47 24 66 21 39 43 44 0 80 3 84 71 78 46 50 89 90 60 25 64 89 79 99 28 84 3 28 47 63 7 62 42 42 3 83 66 76 7 58 36 27 96 80 30 43 93 27 4 95 50 21 92 89 4 59 22 51 72 78 79 74 
77 67 12 57 1 18 35 32 84 67 2 54 3 30 83 14 66 49 58 74 95 83 44 23 24 25 51 49 40 51 5 19 16 54 48 91 51 32 22 19 60 6 36 64 38 32 80 0 15 63 42 88 14 6 89 43 80 17 86 40 61 98 13 38 98 60 5 38 4 4 36 96 97 7 88 38 58 73 74 29 46 88 49 42 28 99 7 50 22 70 25 17 10 43 96 94 86 36 57 16 
45 96 32 67 34 23 74 3 40 77 47 55 63 0 49 79 50 44 52 92 98 15 14 47 50 64 84 89 59 78 63 68 96 20 71 49 64 95 11 22 64 34 18 52 2 50 3 15 0 43 3 21 38 45 7 9 59 15 81 79 88 18 87 14 36 17 41 0 31 61 66 89 16 70 78 67 52 71 6 3 51 98 70 3 34 24 51 98 92 8 13 37 3 98 30 74 98 68 89 56 
29 26 20 93 15 54 61 53 35 24 31 20 40 71 64 57 63 95 95 80 97 77 16 49 1 59 47 71 21 56 20 3 70 68 76 57 36 46 90 89 90 4 3 9 29 9 84 63 43 0 52 37 19 23 88 34 40 54 44 95 40 75 93 62 0 98 25 95 75 18 40 72 13 90 49 27 39 95 85 26 58 23 82 87 63 22 86 54 72 9 18 9 68 98 10 83 77 26 83 48 
77 85 82 17 80 37 51 74 30 6 68 29 98 67 59 84 49 36 65 26 3 4 38 70 36 98 80 64 89 56 43 73 10 58 29 67 62 58 53 47 80 7 85 35 51 64 71 42 3 52 0 87 34 0 9 50 24 0 43 13 57 44 79 53 45 61 17 64 59 32 65 23 32 66 28 80 23 96 48 86 79 4 5 7 16 91 39 68 0 70 16 27 26 23 94 18 30 0 85 12 
29 40 37 23 41 40 29 84 44 10 7 89 99 39 77 67 32 81 20 96 3 13 29 52 62 84 20 39 1 6 1 21 24 73 80 13 65 37 53 29 8 47 4 96 1 37 78 88 21 37 87 0 21 32 0 64 87 95 19 7 50 29 94 63 21 11 20 83 31 97 68 90 6 15 48 43 1 23 16 79 70 97 38 14 88 41 51 76 25 67 51 65 84 81 61 51 7 42 91 43 
60 0 73 7 54 45 38 71 20 67 50 42 95 18 53 76 55 74 70 1 87 89 41 74 70 17 57 64 42 32 69 68 23 75 39 33 45 21 75 43 0 58 26 45 78 76 46 14 38 19 34 21 0 20 18 38 25 46 61 25 48 71 27 92 31 44 66 76 9 1 56 17 51 84 3 65 21 77 74 36 95 39 43 61 16 21 71 81 88 64 70 78 46 58 95 15 0 54 48 79 
28 82 29 44 0 99 48 32 72 94 83 97 52 21 53 95 48 98 47 49 97 62 7 86 27 53 87 24 22 17 80 86 57 47 78 70 8 31 79 10 6 22 71 72 69 3 50 6 45 23 0 32 20 0 99 80 36 19 4 46 94 82 33 11 62 24 50 83 18 31 72 46 67 94 63 52 44 3 16 30 75 5 90 98 27 91 31 95 37 5 79 88 43 49 12 0 32 21 73 29 
84 65 89 90 21 34 50 2 7 86 89 20 46 27 53 76 29 13 93 98 27 63 38 67 91 15 86 95 72 49 71 9 7 56 91 69 23 22 35 99 89 39 7 51 60 28 89 89 7 88 9 0 18 99 0 1 75 20 66 78 93 80 78 24 45 8 26 72 50 82 58 18 85 8 68 27 34 29 22 13 93 34 0 92 2 71 7 6 3 36 37 41 18 41 9 17 30 77 26 41 
76 60 2 3 35 1 60 17 24 81 3 99 33 9 16 46 37 35 68 72 93 42 31 52 85 80 52 22 8 33 58 51 80 99 96 72 35 66 88 40 85 10 45 8 80 87 90 43 9 34 50 64 38 80 1 0 89 48 76 38 19 12 31 19 83 6 36 57 29 11 82 39 20 45 2 15 77 17 64 35 20 54 71 66 80 87 63 42 91 71 77 75 35 30 35 68 52 89 70 83 
40 94 95 95 29 1 86 13 70 22 87 77 55 80 8 14 30 77 79 99 73 91 59 83 4 13 93 41 26 66 5 93 86 14 23 67 78 93 66 19 55 0 66 40 8 64 60 80 59 40 24 87 25 36 75 89 0 30 91 58 44 71 42 74 42 95 13 2 52 12 72 62 2 93 66 92 68 43 28 81 89 0 10 32 58 28 3 52 91 85 70 33 79 18 87 19 31 92 33 15 
95 40 57 27 94 0 4 39 64 73 76 65 38 87 6 20 90 30 83 39 18 74 35 78 36 82 84 26 67 63 40 35 9 39 29 73 34 14 11 78 63 22 42 7 20 52 25 17 15 54 0 95 46 19 20 48 30 0 4 82 42 35 46 35 74 53 74 90 42 84 80 74 16 31 94 96 75 14 48 75 72 98 64 22 36 93 40 36 38 4 60 33 89 43 34 89 27 31 40 0 
49 55 90 23 99 46 78 34 24 48 38 72 65 79 53 16 29 94 81 95 65 21 91 88 24 97 36 57 4 85 56 27 23 7 24 52 49 71 92 20 82 57 77 31 59 48 64 86 81 44 43 19 61 4 66 76 91 4 0 81 14 15 89 8 91 74 28 41 64 23 10 65 46 44 95 48 76 95 96 46 1 67 90 84 56 37 64 29 9 30 12 79 31 52 98 90 28 88 43 47 
88 96 87 32 26 59 19 61 93 75 7 77 93 29 82 35 6 67 58 59 36 32 7 7 15 85 39 24 46 56 14 82 22 21 2 40 76 81 12 54 35 97 58 82 53 45 89 40 79 95 13 7 25 46 78 38 58 82 81 0 89 56 52 33 40 94 60 47 4 33 22 70 80 57 16 40 91 73 10 8 32 41 59 65 62 40 31 1 79 24 6 78 75 95 40 68 8 54 14 94 
39 29 85 32 79 87 25 75 54 33 66 95 75 14 71 89 54 85 91 85 92 55 91 45 99 22 31 39 25 33 78 50 5 48 61 51 31 39 41 86 65 40 35 37 61 28 79 61 88 40 57 50 48 94 93 19 44 42 14 89 0 20 34 36 91 80 38 13 89 40 44 93 72 3 88 53 98 81 30 74 47 16 8 64 49 40 20 66 46 23 89 24 25 70 62 13 39 54 79 67 
53 99 97 22 35 35 8 7 83 26 28 86 81 35 81 95 87 95 22 90 38 75 82 3 5 47 98 46 67 81 51 33 83 84 25 82 19 13 57 64 2 38 33 83 56 41 99 98 18 75 44 29 71 82 80 12 71 35 15 56 20 0 26 63 79 83 5 47 87 10 79 58 25 54 27 1 22 94 13 50 74 83 11 68 86 12 87 56 16 65 76 28 55 90 64 28 42 42 92 95 
45 31 82 83 78 92 54 67 28 33 54 53 93 69 32 16 55 61 12 91 76 15 14 35 71 81 71 36 46 8 56 77 73 1 2 37 69 18 8 45 11 77 58 66 62 9 28 13 87 93 79 94 27 33 78 31 42 46 89 52 34 26 0 26 33 47 35 16 99 86 81 26 48 49 39 50 25 83 88 13 19 72 76 89 96 77 29 6 7 78 22 48 81 79 91 70 38 20 90 32 
86 23 5 17 76 91 74 80 67 82 62 60 83 96 82 79 95 67 12 21 63 48 95 55 43 35 52 68 17 96 30 26 25 7 25 27 37 77 85 5 65 45 83 96 62 64 84 38 14 62 53 63 92 11 24 19 74 35 8 33 36 63 26 0 61 70 37 58 22 99 64 4 14 39 30 26 20 1 88 69 78 13 22 65 22 64 55 11 64 15 88 22 43 62 36 49 41 68 87 72 
78 95 14 25 63 34 78 9 84 59 29 14 26 97 89 51 53 45 70 92 71 46 33 76 33 46 15 46 6 76 30 29 6 45 57 24 39 28 87 78 22 70 82 39 80 60 3 98 36 0 45 21 31 62 45 83 42 74 91 40 91 79 33 61 0 59 75 17 4 64 13 10 86 9 50 93 68 11 98 82 15 46 59 29 61 36 28 89 10 26 42 77 95 97 32 2 75 28 62 62 
40 75 71 46 6 10 75 72 41 53 72 29 51 83 18 48 92 97 11 80 49 59 55 99 23 63 29 97 25 84 82 51 74 73 30 10 31 17 76 61 43 93 99 5 80 17 28 60 17 98 61 11 44 24 8 6 95 53 74 94 80 83 47 70 59 0 45 89 10 81 24 87 78 7 46 12 10 58 0 5 95 74 38 39 87 86 71 19 31 21 33 15 46 11 55 36 39 51 93 88 
81 24 93 13 53 21 95 52 40 92 88 11 17 72 75 21 78 80 26 50 73 28 10 53 19 55 55 46 29 35 56 11 79 69 84 84 46 45 60 62 58 42 71 13 29 25 47 5 41 25 17 20 66 50 26 36 13 74 28 60 38 5 35 37 75 45 0 58 11 4 21 14 98 82 24 3 25 44 96 31 56 88 67 30 52 76 32 30 68 60 78 94 81 13 20 15 84 50 6 10 
23 41 32 2 12 71 49 16 75 68 55 61 96 15 17 28 97 84 28 85 50 56 99 93 41 90 8 78 11 90 42 56 44 16 36 76 5 22 13 62 99 87 64 32 68 9 63 38 0 95 64 83 76 83 72 57 2 90 41 47 13 47 16 58 17 89 58 0 22 11 9 21 2 25 67 76 91 88 42 76 48 2 39 10 27 97 71 39 98 84 66 41 65 84 80 90 24 48 61 24 
49 26 55 14 52 48 89 5 40 53 80 18 70 28 36 32 88 51 84 14 10 76 67 15 99 29 16 17 14 20 44 11 43 3 2 20 1 20 23 37 26 94 32 76 62 95 7 4 31 75 59 31 9 18 50 29 52 42 64 4 89 87 99 22 4 10 11 22 0 8 12 12 80 67 83 89 85 25 71 21 73 50 67 75 84 49 11 16 49 87 89 19 77 58 72 63 31 97 73 95 
52 54 93 89 39 31 5 41 14 48 61 2 11 69 15 83 28 5 88 96 34 70 62 13 77 45 26 66 15 13 45 44 41 11 59 14 75 11 54 55 86 33 45 39 68 29 62 4 61 18 32 97 1 31 82 11 12 84 23 33 40 10 86 99 64 81 4 11 8 0 26 21 43 41 10 20 16 30 29 46 42 18 79 6 28 43 10 49 0 57 96 22 79 13 35 0 5 70 67 41 
58 6 9 34 9 96 86 13 46 69 48 82 65 18 28 30 94 49 99 24 13 62 87 93 22 79 33 88 2 72 59 20 67 97 79 24 66 74 12 9 76 99 90 23 30 63 42 36 66 40 65 68 56 72 58 82 72 80 10 22 44 79 81 64 13 24 21 9 12 26 0 55 90 22 12 92 6 92 19 3 90 58 39 7 84 70 64 92 47 78 60 34 48 78 49 61 44 67 76 68 
42 21 96 58 89 69 39 68 15 92 28 62 68 50 85 68 55 18 20 82 23 86 31 41 93 59 54 88 63 98 56 45 5 22 33 61 22 75 61 2 8 84 27 99 53 71 42 96 89 72 23 90 17 46 18 39 62 74 65 70 93 58 26 4 10 87 14 21 12 21 55 0 5 33 50 32 16 97 5 84 44 89 10 57 26 99 79 8 24 16 96 41 40 98 16 53 1 60 54 32 
91 98 70 70 19 89 21 25 52 45 81 70 79 47 94 82 29 50 81 73 12 52 86 48 58 91 91 57 7 57 4 86 24 14 19 85 64 15 5 32 42 23 36 19 36 7 3 97 16 13 32 6 51 67 85 20 2 16 46 80 72 25 48 14 86 78 98 2 80 43 90 5 0 45 86 45 56 36 69 58 1 88 28 97 22 30 14 35 34 81 36 70 44 54 60 66 53 80 64 69 
23 91 38 7 94 43 44 32 93 54 9 77 47 27 99 96 72 62 27 21 31 35 98 84 80 26 0 2 2 23 26 78 78 1 46 50 86 44 75 0 51 2 97 99 29 1 83 7 70 90 66 15 84 94 8 45 93 31 44 57 3 54 49 39 9 7 82 25 67 41 22 33 45 0 35 45 36 47 56 95 58 92 89 2 1 26 37 6 61 99 26 25 3 52 66 2 41 9 20 9 
68 98 63 92 58 33 17 25 93 61 55 43 74 73 27 6 18 29 82 77 73 57 46 25 73 40 84 87 55 0 31 12 58 68 35 83 17 73 13 18 10 5 75 3 58 99 66 88 78 49 28 48 3 63 68 2 66 94 95 16 88 27 39 30 50 46 24 67 83 10 12 50 86 35 0 96 70 29 13 54 57 58 8 98 14 73 62 41 56 24 39 2 18 31 63 82 15 84 73 23 
80 79 56 86 53 2 15 31 98 46 0 96 60 68 81 2 71 27 65 76 88 91 68 7 30 43 54 59 2 77 73 96 31 72 81 80 51 39 26 22 87 16 44 58 87 89 76 38 67 27 80 43 65 52 27 15 92 96 48 40 53 1 50 26 93 12 3 76 89 20 92 32 45 45 96 0 78 49 59 42 11 30 46 0 75 53 46 50 43 49 26 57 80 86 54 1 5 8 13 27 
30 46 67 6 32 61 74 22 2 22 27 46 91 9 53 46 24 39 89 47 35 10 88 58 91 86 78 66 1 44 48 82 62 21 68 79 84 28 72 72 37 57 89 68 64 7 7 58 52 39 23 1 21 44 34 77 68 75 76 91 98 22 25 20 68 10 25 91 85 16 6 16 56 36 70 78 0 74 18 61 22 98 49 14 98 25 66 68 15 5 28 33 41 67 93 3 66 8 77 78 
79 90 88 7 44 30 46 51 26 5 52 26 1 40 85 41 84 75 60 87 64 49 68 9 11 77 56 34 72 63 6 84 37 99 77 3 79 88 12 44 35 62 90 85 72 3 58 73 71 95 96 23 77 3 29 17 43 14 95 73 81 94 83 1 11 58 44 88 25 30 92 97 36 47 29 49 74 0 62 97 40 79 24 64 77 30 5 22 15 26 68 55 92 7 17 33 6 67 8 86 
56 94 65 50 96 47 54 95 70 76 69 78 0 12 19 28 49 76 18 68 97 84 25 94 85 54 44 10 56 79 65 48 70 37 42 19 53 79 92 17 85 61 53 25 52 17 36 74 6 85 48 16 74 16 22 64 28 48 96 10 30 13 88 88 98 0 96 42 71 29 19 5 69 56 13 59 18 62 0 89 45 43 52 81 52 36 2 84 53 24 17 3 33 64 97 15 46 59 42 46 
36 52 68 10 85 88 73 16 79 68 92 20 86 0 40 25 43 75 59 12 91 15 46 99 40 14 25 99 32 73 14 80 44 92 76 32 34 41 29 41 20 7 53 15 89 26 27 29 3 26 86 79 36 30 13 35 81 75 46 8 74 50 13 69 82 5 31 76 21 46 3 84 58 95 54 42 61 97 89 0 65 74 71 62 16 96 18 41 49 85 46 34 35 21 71 88 37 47 29 60 
10 74 68 1 61 54 60 75 54 39 18 83 80 23 7 63 81 5 12 77 58 95 58 32 36 89 22 23 22 29 48 36 22 71 12 26 98 49 42 79 94 65 4 29 87 24 96 46 51 58 79 70 95 75 93 20 89 72 1 32 47 74 19 78 15 95 56 48 73 42 90 44 1 58 57 11 22 40 45 65 0 15 52 68 35 45 83 98 43 95 26 22 83 57 95 29 85 11 94 4 
41 57 98 18 55 15 50 39 23 61 2 62 68 57 18 87 36 11 72 36 67 5 94 84 72 85 12 67 17 79 0 23 40 17 6 18 12 97 67 25 72 39 48 37 98 76 80 88 98 23 4 97 39 5 34 54 0 98 67 41 16 83 72 13 46 74 88 2 50 18 58 89 88 92 58 30 98 79 43 74 15 0 7 47 54 70 18 19 60 68 39 79 94 27 61 23 18 54 52 34 
34 52 1 29 5 61 35 42 2 48 11 6 63 88 16 88 54 66 70 3 80 52 97 98 18 8 71 45 42 50 21 46 44 52 61 63 74 33 33 56 90 69 1 66 75 52 30 49 70 82 5 38 43 90 0 71 10 64 90 59 8 11 76 22 59 38 67 39 67 79 39 10 28 89 8 46 49 24 52 71 52 7 0 75 81 20 43 69 65 21 29 98 10 95 70 68 67 51 52 11 
74 55 23 88 30 85 98 39 50 88 99 38 40 28 7 18 30 2 68 58 58 54 61 95 38 4 81 52 56 76 52 12 98 88 11 41 53 66 98 38 55 61 0 3 61 33 43 42 3 87 7 14 61 98 92 66 32 22 84 65 64 68 89 65 29 39 30 10 75 6 7 57 97 2 98 0 14 64 81 62 68 47 75 0 82 77 24 95 20 10 65 91 23 5 10 53 2 89 31 38 
71 83 2 89 74 65 64 51 43 31 13 84 2 22 33 22 20 48 24 13 44 31 6 18 33 43 40 90 70 52 18 67 45 88 41 75 52 26 49 72 74 15 71 61 27 36 93 28 34 63 16 88 16 27 2 80 58 36 56 62 49 86 96 22 61 87 52 27 84 28 84 26 22 1 14 75 98 77 52 16 35 54 81 82 0 22 22 90 34 73 69 74 41 93 27 17 85 79 66 68 
95 27 10 38 76 76 2 5 18 9 75 50 88 83 50 41 23 65 27 16 95 79 64 32 31 47 26 85 36 53 72 99 64 0 5 77 40 68 47 83 25 61 88 68 33 4 27 99 24 22 91 41 21 91 71 87 28 93 37 40 40 12 77 64 36 86 76 97 49 43 70 99 30 26 73 53 25 30 36 96 45 70 20 77 22 0 24 40 35 19 6 61 56 15 81 46 26 35 37 94 
41 33 27 84 64 78 94 53 95 49 85 87 33 67 57 31 23 32 87 6 22 37 31 7 46 85 49 28 27 82 41 62 38 6 70 6 63 43 67 94 28 12 71 12 36 6 4 7 51 86 39 51 71 31 7 63 3 40 64 31 20 87 29 55 28 71 32 71 11 10 64 79 14 37 62 46 66 5 2 18 83 18 43 24 22 24 0 51 38 30 64 50 34 81 96 27 13 15 10 58 
15 46 23 45 53 26 75 91 54 19 52 92 37 63 50 42 57 75 60 25 12 94 51 1 82 96 47 16 58 37 47 74 44 80 67 46 76 38 8 28 84 60 21 18 68 40 95 50 98 54 68 76 81 95 6 42 52 36 29 1 66 56 6 11 89 19 30 39 16 49 92 8 35 6 41 50 68 22 84 41 98 19 69 95 90 40 51 0 34 77 95 12 43 81 62 61 8 63 83 51 
87 51 3 4 84 44 80 24 61 31 0 69 92 14 0 36 45 51 64 89 27 54 47 15 49 87 46 10 82 7 81 36 88 6 78 64 11 86 43 21 46 55 17 27 52 43 50 22 92 72 0 25 88 37 3 91 91 38 9 79 46 16 7 64 10 31 68 98 49 0 47 24 34 61 56 43 15 15 53 49 43 60 65 20 34 35 38 34 0 97 64 78 7 19 19 45 54 15 13 67 
97 51 0 48 80 2 23 79 97 35 42 37 36 37 0 2 57 78 5 87 42 7 39 52 76 72 48 72 9 6 20 79 73 88 68 10 69 93 62 23 23 14 22 21 32 96 21 70 8 9 70 67 64 5 36 71 85 4 30 24 23 65 78 15 26 21 60 84 87 57 78 16 81 99 24 49 5 26 24 85 95 68 21 10 73 19 30 77 97 0 42 77 51 64 75 27 68 22 19 71 
13 59 20 0 7 13 76 7 45 85 50 51 89 26 16 9 82 19 27 90 4 72 72 13 48 71 96 76 64 89 99 22 35 53 60 34 3 2 45 32 39 12 18 81 74 79 92 25 13 18 16 51 70 79 37 77 70 60 12 6 89 76 22 88 42 33 78 66 89 96 60 96 36 26 39 26 28 68 17 46 26 39 29 65 69 6 64 95 64 42 0 98 53 49 61 83 96 2 74 23 
22 6 5 92 54 41 31 24 41 11 70 70 92 61 99 54 84 89 3 86 53 8 45 79 53 29 73 6 84 39 93 59 26 3 81 80 17 26 37 97 93 45 8 57 3 3 89 17 37 9 27 65 78 88 41 75 33 33 79 78 24 28 48 22 77 15 94 41 19 22 34 41 70 25 2 57 33 55 3 34 22 79 98 91 74 61 50 12 78 77 98 0 80 33 67 27 67 61 98 22 
65 49 54 41 97 57 66 89 50 96 25 59 30 13 24 1 18 86 74 65 53 57 81 2 24 82 7 5 14 23 81 77 61 39 40 29 42 47 41 75 71 53 42 40 5 37 4 10 3 68 26 84 46 43 18 35 79 89 31 75 25 55 81 43 95 46 81 65 77 79 48 40 44 3 18 80 41 92 33 35 83 94 10 23 41 56 34 43 7 51 53 80 0 94 26 8 86 71 24 55 
55 52 13 66 24 83 64 69 59 79 76 69 37 50 32 66 14 62 95 28 81 51 96 1 67 70 74 61 97 13 57 34 30 41 28 56 80 80 75 22 83 71 50 25 40 98 59 43 98 98 23 81 58 49 41 30 18 43 52 95 70 90 79 62 97 11 13 84 58 13 78 98 54 52 31 86 67 7 64 21 57 27 95 5 93 15 81 81 19 64 49 33 94 0 60 15 44 87 43 96 
35 52 31 58 2 12 41 82 29 5 82 13 37 26 33 27 37 86 63 10 8 91 78 37 31 49 94 66 94 87 66 71 53 61 63 28 85 65 3 27 49 81 93 67 97 30 22 96 30 10 94 61 95 12 9 35 87 34 98 40 62 64 91 36 32 55 20 80 72 35 49 16 60 66 63 54 93 17 97 71 95 61 70 10 27 81 96 62 19 75 61 67 26 60 0 66 4 29 15 85 
18 92 18 10 38 96 90 17 53 97 0 75 43 79 6 37 82 12 31 35 58 87 67 75 47 74 19 82 38 2 3 92 63 48 60 95 28 17 22 38 33 43 53 0 23 5 51 94 74 83 18 51 15 0 17 68 19 89 90 68 13 28 70 49 2 36 15 90 63 0 61 53 66 2 82 1 3 33 15 88 29 23 68 53 17 46 27 61 45 27 83 27 8 15 66 0 86 80 33 10 
38 85 71 25 60 86 90 35 66 5 33 12 94 92 98 81 39 27 93 21 12 82 57 53 46 76 28 19 63 28 52 6 12 79 7 75 24 3 12 44 10 96 38 28 44 66 72 86 98 77 30 7 0 32 30 52 31 27 28 8 39 42 38 41 75 39 84 24 31 5 44 1 53 41 15 5 66 6 46 37 85 18 67 2 85 26 13 8 54 68 96 67 86 44 4 86 0 22 41 55 
59 48 26 30 98 43 38 1 51 77 53 67 56 84 62 37 45 99 30 11 25 14 7 49 53 23 80 97 66 98 92 98 79 40 2 86 74 31 84 19 80 14 15 60 27 92 78 36 68 26 0 42 54 21 77 89 92 31 88 54 54 42 20 68 28 51 50 48 97 70 67 60 80 9 84 8 8 67 59 47 11 54 51 89 79 35 15 63 15 22 2 61 71 87 29 80 22 0 67 33 
79 50 36 3 79 41 77 63 16 79 94 98 62 9 81 81 35 67 20 6 65 73 13 50 17 39 35 50 88 91 16 2 32 38 4 17 97 11 63 43 77 11 31 61 75 56 79 57 89 83 85 91 48 73 26 70 33 40 43 14 79 92 90 87 62 93 6 61 73 67 76 54 64 20 73 13 77 8 42 29 94 52 52 31 66 37 10 83 13 19 74 98 24 43 15 33 41 67 0 92 
25 10 69 52 0 51 21 86 24 69 16 25 27 27 33 59 8 34 30 99 97 36 91 35 49 41 17 49 16 48 59 87 16 88 66 88 46 8 66 73 57 23 84 59 59 96 74 16 56 48 12 43 79 29 41 83 15 0 47 94 67 95 32 72 62 88 10 24 95 41 68 32 69 9 23 27 78 86 46 60 4 34 11 38 68 94 58 51 67 71 23 22 55 96 85 10 55 33 92 0 
