40
0 17 66 81 12 6 38 45 56 28 29 61 28 66 78 59 36 36 65 57 6 20 52 82 0 78 59 62 71 17 32 45 84 9 65 98 51 7 65 21 
17 0 68 3 46 22 58 58 63 72 15 34 39 51 70 23 26 82 83 92 36 78 1 74 25 68 11 24 7 46 73 0 27 18 31 86 79 58 62 24 
66 68 0 17 32 34 87 93 17 70 41 18 29 59 63 23 68 93 6 93 72 51 33 63 28 32 39 33 52 28 83 88 90 22 48 24 9 81 93 89 
81 3 17 0 12 10 73 91 35 27 84 15 99 26 10 19 36 54 20 3 97 18 50 3 30 97 8 97 85 21 53 55 60 0 54 58 39 70 12 34 
12 46 32 12 0 0 45 62 94 27 76 93 76 55 2 65 50 12 7 37 40 34 16 52 94 12 68 96 83 33 15 92 40 79 67 85 22 55 51 49 
6 22 34 10 0 0 6 5 56 25 76 63 24 5 0 41 37 86 65 74 18 39 7 2 45 33 11 36 17 66 30 27 72 5 24 26 2 17 85 17 
38 58 87 73 45 6 0 44 60 98 90 0 90 17 41 26 39 57 16 91 49 20 92 10 55 88 49 59 48 90 24 58 96 68 55 74 3 58 57 75 
45 58 93 91 62 5 44 0 42 30 17 65 66 4 75 9 20 21 94 99 87 90 12 94 87 41 75 77 11 7 20 99 6 29 84 26 69 1 83 66 
56 63 17 35 94 56 60 42 0 61 41 73 28 52 79 75 46 91 20 90 49 51 71 73 30 13 15 52 99 73 25 26 5 30 19 59 59 41 21 35 
28 72 70 27 27 25 98 30 61 0 87 99 31 32 73 16 81 22 86 90 3 94 26 59 92 76 25 4 5 70 52 4 68 55 40 13 43 33 61 77 
29 15 41 84 76 76 90 17 41 87 0 92 92 93 96 63 55 28 14 50 32 20 21 85 95 78 78 73 79 55 89 8 59 94 82 36 22 38 78 61 
61 34 18 15 93 63 0 65 73 99 92 0 58 92 47 9 70 44 77 93 13 57 39 22 99 96 70 7 81 49 96 15 10 52 68 15 5 39 29 97 
28 39 29 99 76 24 90 66 28 31 92 58 0 36 73 78 72 6 80 38 8 82 64 18 26 28 91 1 97 18 46 47 29 36 34 65 12 0 21 4 
66 51 59 26 55 5 17 4 52 32 93 92 36 0 75 9 28 68 95 47 88 25 41 93 88 3 53 79 18 79 90 39 20 38 71 34 95 96 26 47 
78 70 63 10 2 0 41 75 79 73 96 47 73 75 0 87 78 2 33 97 50 92 76 68 40 14 78 47 82 7 74 2 96 72 81 13 83 20 70 66 
59 23 23 19 65 41 26 9 75 16 63 9 78 9 87 0 73 48 37 42 10 82 48 74 53 27 62 28 53 49 20 77 71 42 66 63 51 87 43 84 
36 26 68 36 50 37 39 20 46 81 55 70 72 28 78 73 0 11 85 25 61 23 29 44 81 18 68 95 35 5 46 34 40 36 41 94 62 75 74 34 
36 82 93 54 12 86 57 21 91 22 28 44 6 68 2 48 11 0 13 63 11 50 55 9 0 63 94 90 60 51 39 39 64 91 75 85 7 2 59 13 
65 83 6 20 7 65 16 94 20 86 14 77 80 95 33 37 85 13 0 54 44 96 29 26 94 32 41 16 53 25 26 29 95 75 91 3 81 90 87 25 
57 92 93 3 37 74 91 99 90 90 50 93 38 47 97 42 25 63 54 0 9 38 86 66 49 6 66 93 45 5 33 85 96 80 90 40 37 73 86 67 
6 36 72 97 40 18 49 87 49 3 32 13 8 88 50 10 61 11 44 9 0 35 20 30 72 87 4 83 19 43 78 21 48 10 10 85 14 7 60 97 
20 78 51 18 34 39 20 90 51 94 20 57 82 25 92 82 23 50 96 38 35 0 99 13 77 42 91 56 10 87 5 63 26 40 50 51 96 66 93 49 
52 1 33 50 16 7 92 12 71 26 21 39 64 41 76 48 29 55 29 86 20 99 0 36 1 13 83 55 9 29 27 72 91 13 57 90 87 51 44 19 
82 74 63 3 52 2 10 94 73 59 85 22 18 93 68 74 44 9 26 66 30 13 36 0 76 49 33 19 82 47 9 65 72 62 13 63 6 78 75 30 
0 25 28 30 94 45 55 87 30 92 95 99 26 88 40 53 81 0 94 49 72 77 1 76 0 79 40 18 45 45 64 14 46 53 31 67 55 11 10 98 
78 68 32 97 12 33 88 41 13 76 78 96 28 3 14 27 18 63 32 6 87 42 13 49 79 0 16 10 27 51 3 52 40 30 40 49 10 36 14 43 
59 11 39 8 68 11 49 75 15 25 78 70 91 53 78 62 68 94 41 66 4 91 83 33 40 16 0 72 45 59 47 81 64 84 22 9 70 2 55 19 
62 24 33 97 96 36 59 77 52 4 73 7 1 79 47 28 95 90 16 93 83 56 55 19 18 10 72 0 21 10 81 24 22 83 65 88 39 33 30 2 
71 7 52 85 83 17 48 11 99 5 79 81 97 18 82 53 35 60 53 45 19 10 9 82 45 27 45 21 0 38 2 69 62 85 77 99 99 67 52 74 
17 46 28 21 33 66 90 7 73 70 55 49 18 79 7 49 5 51 25 5 43 87 29 47 45 51 59 10 38 0 80 49 87 97 72 4 48 84 73 43 
32 73 83 53 15 30 24 20 25 52 89 96 46 90 74 20 46 39 26 33 78 5 27 9 64 3 47 81 2 80 0 70 93 50 8 80 12 65 58 66 
45 0 88 55 92 27 58 99 26 4 8 15 47 39 2 77 34 39 29 85 21 63 72 65 14 52 81 24 69 49 70 0 67 84 98 24 17 4 5 52 
84 27 90 60 40 72 96 6 5 68 59 10 29 20 96 71 40 64 95 96 48 26 91 72 46 40 64 22 62 87 93 67 0 52 52 70 26 95 36 65 
9 18 22 0 79 5 68 29 30 55 94 52 36 38 72 42 36 91 75 80 10 40 13 62 53 30 84 83 85 97 50 84 52 0 27 29 57 63 54 22 
65 31 48 54 67 24 55 84 19 40 82 68 34 71 81 66 41 75 91 90 10 50 57 13 31 40 22 65 77 72 8 98 52 27 0 54 65 84 39 42 
98 86 24 58 85 26 74 26 59 13 36 15 65 34 13 63 94 85 3 40 85 51 90 63 67 49 9 88 99 4 80 24 70 29 54 0 13 4 4 45 
51 79 9 39 22 2 3 69 59 43 22 5 12 95 83 51 62 7 81 37 14 96 87 6 55 10 70 39 99 48 12 17 26 57 65 13 0 95 11 94 
7 58 81 70 55 17 58 1 41 33 38 39 0 96 20 87 75 2 90 73 7 66 51 78 11 36 2 33 67 84 65 4 95 63 84 4 95 0 29 38 
65 62 93 12 51 85 57 83 21 61 78 29 21 26 70 43 74 59 87 86 60 93 44 75 10 14 55 30 52 73 58 5 36 54 39 4 11 29 0 44 
21 24 89 34 49 17 75 66 35 77 61 97 4 47 66 84 34 13 25 67 97 49 19 30 98 43 19 2 74 43 66 52 65 22 42 45 94 38 44 0 
