100
0 58 4 5 94 61 42 6 96 18 68 16 18 66 80 32 54 19 83 46 56 99 33 48 47 54 67 74 31 49 79 33 43 64 39 87 99 99 64 76 38 38 34 29 57 14 13 2 19 12 30 54 50 92 60 55 85 34 30 3 36 50 17 67 53 55 24 50 55 88 20 70 20 15 95 7 10 9 5 93 95 58 77 73 31 26 26 35 33 53 53 91 89 5 84 54 75 70 69 1 
58 0 85 48 85 10 36 33 77 34 39 17 95 11 84 62 98 70 10 56 79 36 81 7 68 43 53 34 51 60 20 17 52 9 58 30 56 17 12 0 10 71 27 52 4 64 43 41 15 33 87 27 96 90 51 25 15 42 16 37 66 7 82 28 8 85 44 31 8 87 45 8 44 53 59 87 43 82 12 2 7 3 58 11 85 49 12 57 50 80 15 85 22 52 79 0 36 69 46 86 
4 85 0 34 36 83 74 89 45 65 41 81 76 15 45 25 55 52 75 77 5 11 33 93 18 89 66 67 68 24 3 58 46 20 0 70 47 57 28 59 38 40 59 73 66 51 90 51 69 92 0 37 34 42 35 76 3 90 54 36 25 41 35 45 75 55 73 3 54 49 96 64 61 36 9 28 75 49 77 48 26 34 70 96 99 75 17 43 16 50 34 18 52 53 7 45 9 21 89 29 
5 48 34 0 16 61 53 59 92 73 74 66 1 5 23 8 94 90 56 54 58 63 51 67 64 58 21 52 73 38 59 61 11 29 39 33 8 70 39 15 78 80 59 62 38 83 22 42 3 77 87 73 21 22 23 34 60 93 65 51 79 30 71 11 29 4 56 6 0 84 51 18 96 44 47 4 91 7 52 36 95 86 19 66 10 44 2 73 59 27 55 58 92 98 39 14 52 36 91 9 
94 85 36 16 0 6 86 31 91 45 98 68 61 52 8 48 13 74 45 55 84 59 4 93 0 65 77 11 30 39 37 52 66 79 88 41 10 43 33 45 90 50 12 4 29 90 27 18 29 23 99 4 73 29 75 98 92 95 17 76 50 87 13 88 43 23 64 86 16 15 81 40 2 69 80 87 83 7 56 58 88 82 63 26 33 68 5 35 79 28 69 47 79 78 76 17 93 79 8 98 
61 10 83 61 6 0 92 90 18 60 13 65 54 58 55 91 31 48 78 76 25 4 33 24 86 51 38 96 17 48 20 30 87 54 12 24 9 84 5 12 44 89 38 3 64 25 27 4 43 77 23 16 5 27 80 53 57 94 82 20 11 94 86 88 6 31 84 69 70 9 63 61 70 35 69 38 16 32 44 5 21 68 99 63 8 71 7 31 76 29 97 35 25 62 21 88 41 72 93 18 
42 36 74 53 86 92 0 48 64 52 37 50 62 82 27 41 78 80 6 37 92 50 72 81 63 50 26 85 26 4 54 19 35 68 71 63 74 67 12 61 98 69 96 73 51 61 69 43 8 47 18 99 7 80 47 44 92 96 5 1 71 28 80 47 7 71 15 29 15 10 78 3 95 1 17 14 61 90 20 39 30 0 46 59 49 61 53 94 33 37 6 39 59 79 50 67 11 35 4 75 
6 33 89 59 31 90 48 0 89 62 80 85 86 73 58 76 68 53 1 4 19 12 35 48 4 73 85 30 48 26 99 73 18 23 35 58 74 96 92 65 31 95 51 84 36 0 1 82 12 98 67 54 56 83 91 83 13 41 8 36 67 79 14 65 96 59 19 84 70 89 26 2 81 94 98 7 57 64 43 97 17 73 22 85 84 39 23 64 81 75 37 0 22 19 45 88 49 46 23 10 
96 77 45 92 91 18 64 89 0 4 23 61 16 19 57 82 82 32 17 8 9 63 66 51 54 8 27 15 23 11 0 60 99 10 35 85 22 34 90 70 55 23 13 27 85 46 9 2 1 42 60 65 46 31 73 82 52 16 61 83 15 15 36 86 84 79 78 86 38 41 17 49 43 69 71 34 58 32 62 43 37 31 48 80 39 15 63 85 39 39 77 51 37 49 8 27 23 85 49 92 
18 34 65 73 45 60 52 62 4 0 61 4 69 11 30 83 91 64 2 83 81 48 25 26 98 45 73 49 14 55 60 87 36 7 1 53 26 77 85 43 3 99 63 82 29 56 57 92 90 91 91 90 76 97 57 60 62 14 44 40 79 37 70 9 10 42 7 35 91 66 89 10 93 39 36 19 57 25 11 98 23 76 95 9 36 47 97 41 59 58 52 72 42 93 97 52 2 74 27 0 
68 39 41 74 98 13 37 80 23 61 0 8 54 3 5 54 47 52 43 96 65 40 54 24 71 23 96 78 93 6 16 82 85 85 86 48 31 58 34 44 57 12 31 31 12 95 73 3 1 46 26 92 5 89 43 25 16 3 43 40 60 39 98 78 58 6 0 51 17 67 52 86 1 95 7 30 76 38 78 71 27 48 33 4 4 25 86 63 3 50 30 68 3 4 23 51 3 28 72 80 
16 17 81 66 68 65 50 85 61 4 8 0 86 54 73 21 20 80 78 63 63 71 35 3 99 68 87 84 2 0 51 61 96 14 86 56 2 34 22 3 98 27 52 96 87 55 6 79 91 7 84 36 88 98 82 78 99 91 35 88 20 90 9 96 14 77 98 6 2 84 88 3 12 23 74 97 66 28 3 76 2 91 51 75 39 28 80 13 60 32 59 60 33 36 25 76 3 24 98 88 
18 95 76 1 61 54 62 86 16 69 54 86 0 58 38 89 69 73 63 89 61 71 91 39 87 25 78 20 70 93 15 68 80 94 44 91 44 94 41 47 80 85 18 86 8 19 24 88 89 21 48 86 62 81 31 23 93 28 46 88 39 41 1 80 54 21 80 41 24 54 81 82 96 54 53 34 85 16 15 46 91 24 14 3 6 32 84 51 77 79 56 18 12 68 30 24 79 97 62 10 
66 11 15 5 52 58 82 73 19 11 3 54 58 0 92 21 85 83 17 36 91 38 90 97 74 50 77 86 25 81 71 4 91 62 8 94 3 74 88 73 80 82 17 62 14 31 36 48 48 54 87 44 45 15 45 55 81 70 14 3 5 61 67 90 67 13 86 85 69 32 62 53 93 44 57 60 90 27 12 90 90 10 5 54 47 43 5 69 13 67 0 51 21 6 64 58 8 0 86 43 
80 84 45 23 8 55 27 58 57 30 5 73 38 92 0 24 56 72 95 12 47 9 82 20 10 92 68 31 96 40 30 0 76 45 60 53 64 71 53 98 32 72 23 51 78 56 82 25 91 5 83 66 86 65 54 53 96 28 61 80 64 35 60 82 37 55 43 1 51 88 11 40 11 98 61 71 56 97 8 76 39 57 62 66 10 88 66 9 9 20 1 24 77 87 96 3 58 82 26 69 
32 62 25 8 48 91 41 76 82 83 54 21 89 21 24 0 97 66 43 87 44 9 97 44 82 28 50 68 50 64 67 96 23 75 24 39 53 73 1 75 32 11 54 48 52 50 54 66 65 90 87 67 21 71 26 30 87 66 72 2 83 54 51 12 96 33 26 49 69 5 37 46 97 28 17 73 49 67 54 75 13 60 25 95 36 79 56 38 36 31 90 67 90 30 89 95 38 51 9 57 
54 98 55 94 13 31 78 68 82 91 47 20 69 85 56 97 0 12 89 47 59 71 85 59 93 51 57 23 76 62 79 6 16 87 29 40 91 93 90 28 60 71 54 77 8 45 64 45 40 2 46 57 88 55 11 98 73 85 36 76 6 51 20 50 38 4 32 22 45 65 8 22 88 50 65 8 95 32 25 74 2 79 30 11 41 1 45 91 89 15 16 78 51 94 94 49 8 34 62 84 
19 70 52 90 74 48 80 53 32 64 52 80 73 83 72 66 12 0 53 45 40 12 66 32 67 89 4 64 22 4 78 99 98 80 65 60 44 63 93 21 85 80 50 84 82 95 96 10 46 4 13 60 91 94 65 52 40 36 44 8 38 99 77 82 35 68 51 33 76 92 97 79 31 50 16 64 75 60 96 98 88 94 87 72 60 43 38 33 96 70 58 82 73 35 88 29 27 68 70 47 
83 10 75 56 45 78 6 1 17 2 43 78 63 17 95 43 89 53 0 40 67 64 9 98 61 63 63 29 99 53 60 44 29 39 94 36 9 97 97 56 23 38 44 96 35 88 18 92 91 27 87 16 48 75 12 58 60 21 69 34 66 7 78 70 45 99 1 62 30 37 36 38 6 57 10 67 77 68 27 60 58 24 25 1 67 86 43 99 59 93 21 80 79 97 94 82 75 49 55 31 
46 56 77 54 55 76 37 4 8 83 96 63 89 36 12 87 47 45 40 0 64 32 24 75 43 42 57 37 31 98 91 53 12 40 17 7 64 21 70 57 43 44 76 55 68 4 15 76 46 24 77 78 41 40 98 39 7 13 29 10 19 60 14 69 89 99 30 9 98 56 9 68 55 88 2 88 79 85 34 12 31 97 34 60 86 6 39 58 65 50 58 4 55 88 48 66 26 90 77 63 
56 79 5 58 84 25 92 19 9 81 65 63 61 91 47 44 59 40 67 64 0 59 46 48 21 60 72 86 2 29 1 17 74 53 75 76 36 71 25 10 80 45 58 35 48 8 58 58 98 2 84 25 63 77 20 7 66 17 84 37 2 6 55 45 31 96 22 80 79 60 39 27 22 8 32 73 44 94 40 38 59 85 77 75 2 6 94 75 96 43 73 43 36 38 94 99 17 69 6 1 
99 36 11 63 59 4 50 12 63 48 40 71 71 38 9 9 71 12 64 32 59 0 41 53 98 86 86 69 20 35 16 85 52 10 16 4 37 95 51 4 36 82 16 29 34 3 3 25 29 66 21 19 64 21 53 34 59 75 97 97 59 34 59 9 71 73 9 79 61 37 39 64 1 18 36 43 63 58 95 83 49 2 7 54 86 69 71 94 98 54 4 7 35 78 98 58 13 59 81 81 
33 81 33 51 4 33 72 35 66 25 54 35 91 90 82 97 85 66 9 24 46 41 0 32 68 21 82 38 10 9 58 28 16 25 52 5 87 27 23 43 32 64 19 14 4 13 35 35 35 72 47 94 4 42 42 2 13 82 34 31 14 48 89 50 12 93 27 71 1 62 42 92 79 92 55 85 88 82 46 52 20 50 14 17 37 3 94 80 75 17 60 88 10 19 13 52 11 78 30 17 
48 7 93 67 93 24 81 48 51 26 24 3 39 97 20 44 59 32 98 75 48 53 32 0 13 70 22 11 42 26 32 73 61 37 79 48 78 8 85 20 68 32 18 13 19 76 64 8 55 24 61 79 45 76 19 9 41 4 19 51 36 19 24 35 65 16 27 70 36 85 78 5 87 45 18 1 65 75 10 53 55 17 33 25 25 85 96 16 67 97 18 4 22 6 56 23 32 25 53 18 
47 68 18 64 0 86 63 4 54 98 71 99 87 74 10 82 93 67 61 43 21 98 68 13 0 63 25 63 52 93 74 45 4 76 47 86 81 80 56 82 88 28 42 39 97 30 95 78 63 80 59 56 96 20 66 90 64 59 21 29 71 6 6 7 75 77 95 3 37 57 71 19 27 46 34 29 51 66 24 87 14 70 20 60 27 10 41 29 77 19 40 92 64 54 51 32 25 76 28 95 
54 43 89 58 65 51 50 73 8 45 23 68 25 50 92 28 51 89 63 42 60 86 21 70 63 0 28 98 44 9 43 86 66 26 89 43 58 62 64 83 98 40 60 39 20 42 56 56 88 57 8 33 92 61 82 28 6 20 36 59 42 59 26 13 45 6 24 66 59 62 14 67 32 48 63 82 82 34 2 98 22 77 11 8 2 86 83 38 40 63 3 97 48 5 66 46 8 17 24 49 
67 53 66 21 77 38 26 85 27 73 96 87 78 77 68 50 57 4 63 57 72 86 82 22 25 28 0 29 96 78 72 20 48 44 79 82 88 57 12 56 87 17 69 43 74 39 66 3 80 34 86 88 16 75 99 86 3 96 54 18 39 11 44 22 92 50 14 22 44 99 96 34 46 34 38 92 53 50 7 34 92 9 44 53 55 35 34 9 31 82 84 12 59 57 87 19 31 35 87 17 
74 34 67 52 11 96 85 30 15 49 78 84 20 86 31 68 23 64 29 37 86 69 38 11 63 98 29 0 63 71 67 19 18 33 38 1 64 96 86 54 49 0 18 2 91 56 87 29 91 68 11 77 33 92 15 58 47 5 75 10 69 30 24 72 86 99 97 62 66 66 31 90 91 66 24 53 55 49 35 63 46 27 47 8 36 49 26 88 98 44 48 67 40 50 21 40 76 48 79 79 
31 51 68 73 30 17 26 48 23 14 93 2 70 25 96 50 76 22 99 31 2 20 10 42 52 44 96 63 0 91 67 97 50 32 92 10 45 39 62 66 27 63 66 96 57 13 7 56 93 81 58 40 91 23 66 42 20 14 31 37 84 76 19 81 96 75 70 56 98 60 48 84 52 99 47 11 27 71 23 34 64 28 37 34 62 91 35 57 59 13 70 45 10 36 43 75 41 8 96 3 
49 60 24 38 39 48 4 26 11 55 6 0 93 81 40 64 62 4 53 98 29 35 9 26 93 9 78 71 91 0 92 46 70 44 98 47 88 74 60 75 43 32 61 55 22 86 32 30 82 63 62 33 71 69 71 56 21 70 24 50 29 17 43 47 52 46 90 93 6 35 11 36 49 78 81 42 57 12 13 19 32 19 76 59 75 0 76 27 48 51 67 51 86 4 47 73 27 68 40 58 
79 20 3 59 37 20 54 99 0 60 16 51 15 71 30 67 79 78 60 91 1 16 58 32 74 43 72 67 67 92 0 17 21 20 62 61 83 96 73 94 36 13 31 49 63 14 69 34 74 66 26 13 77 18 45 52 75 24 92 58 68 75 74 65 4 67 66 13 56 5 16 68 83 8 93 75 60 75 19 27 11 39 88 78 26 58 29 48 78 70 15 21 59 76 92 1 36 67 63 67 
33 17 58 61 52 30 19 73 60 87 82 61 68 4 0 96 6 99 44 53 17 85 28 73 45 86 20 19 97 46 17 0 37 61 91 92 12 78 2 40 54 68 11 95 91 28 17 21 52 6 75 45 89 33 46 4 52 18 2 62 10 2 45 22 85 3 37 74 58 15 53 35 36 29 72 70 11 42 50 81 7 91 15 77 61 65 62 84 0 90 7 84 16 55 41 22 17 28 88 26 
43 52 46 11 66 87 35 18 99 36 85 96 80 91 76 23 16 98 29 12 74 52 16 61 4 66 48 18 50 70 21 37 0 55 3 34 0 71 41 74 76 93 91 82 27 60 65 33 42 24 18 50 40 75 63 70 11 76 6 30 72 4 95 58 76 70 14 70 96 39 52 80 17 63 25 77 73 87 27 5 97 8 72 38 76 8 70 77 55 93 51 25 79 79 41 13 23 68 76 88 
64 9 20 29 79 54 68 23 10 7 85 14 94 62 45 75 87 80 39 40 53 10 25 37 76 26 44 33 32 44 20 61 55 0 89 79 43 8 96 60 26 28 10 72 54 51 25 64 87 31 64 81 46 42 95 11 86 49 3 34 17 55 60 35 21 81 98 16 86 16 63 60 88 47 38 46 85 47 61 0 43 37 37 99 44 59 16 86 39 63 16 97 80 21 19 97 34 48 68 73 
39 58 0 39 88 12 71 35 35 1 86 86 44 8 60 24 29 65 94 17 75 16 52 79 47 89 79 38 92 98 62 91 3 89 0 60 37 92 16 74 52 82 70 52 44 24 64 73 38 74 37 87 86 2 43 87 2 35 43 34 63 96 77 93 26 85 19 70 55 99 6 87 98 77 63 92 40 83 57 7 76 28 17 56 68 4 64 24 70 63 73 33 37 54 3 15 93 56 10 91 
87 30 70 33 41 24 63 58 85 53 48 56 91 94 53 39 40 60 36 7 76 4 5 48 86 43 82 1 10 47 61 92 34 79 60 0 46 38 44 89 2 59 66 21 9 58 33 70 71 29 43 71 1 88 23 3 88 84 42 76 19 39 15 84 40 25 58 96 58 63 36 75 94 24 7 6 44 9 74 7 78 55 37 91 25 76 67 72 27 99 47 89 33 41 21 33 80 60 94 0 
99 56 47 8 10 9 74 74 22 26 31 2 44 3 64 53 91 44 9 64 36 37 87 78 81 58 88 64 45 88 83 12 0 43 37 46 0 47 47 92 40 82 33 97 16 98 63 59 76 81 69 65 76 76 85 68 63 80 47 72 92 62 52 77 16 87 78 19 24 13 66 31 18 40 33 50 82 93 85 55 6 81 56 23 55 49 11 98 93 50 48 33 86 60 86 52 91 89 98 28 
99 17 57 70 43 84 67 96 34 77 58 34 94 74 71 73 93 63 97 21 71 95 27 8 80 62 57 96 39 74 96 78 71 8 92 38 47 0 39 36 16 5 36 51 44 47 21 26 71 17 98 85 54 21 64 30 97 93 80 77 75 29 95 57 37 48 16 69 53 94 90 71 16 63 66 24 3 91 57 85 49 78 98 46 78 0 82 34 69 21 37 94 70 4 86 3 87 3 85 83 
64 12 28 39 33 5 12 92 90 85 34 22 41 88 53 1 90 93 97 70 25 51 23 85 56 64 12 86 62 60 73 2 41 96 16 44 47 39 0 5 69 72 80 91 67 87 85 97 76 40 82 47 23 72 91 17 83 93 8 77 31 53 0 31 68 48 16 82 8 12 28 32 81 6 25 34 75 37 62 94 59 49 72 68 53 82 60 96 32 51 13 22 30 70 28 66 55 44 25 26 
76 0 59 15 45 12 61 65 70 43 44 3 47 73 98 75 28 21 56 57 10 4 43 20 82 83 56 54 66 75 94 40 74 60 74 89 92 36 5 0 0 3 31 34 13 20 11 50 2 23 13 50 23 6 9 41 19 90 78 64 44 41 90 95 34 41 77 9 6 83 98 65 69 40 92 65 77 53 75 34 12 77 5 42 89 31 72 10 9 94 44 24 23 98 17 34 63 91 43 94 
38 10 38 78 90 44 98 31 55 3 57 98 80 80 32 32 60 85 23 43 80 36 32 68 88 98 87 49 27 43 36 54 76 26 52 2 40 16 69 0 0 56 48 15 85 0 37 36 75 19 57 31 84 37 75 7 5 57 37 88 67 91 52 51 13 52 23 11 97 25 46 55 48 10 8 56 31 22 68 38 27 9 37 68 29 21 1 65 83 10 88 82 11 29 23 2 2 76 23 60 
38 71 40 80 50 89 69 95 23 99 12 27 85 82 72 11 71 80 38 44 45 82 64 32 28 40 17 0 63 32 13 68 93 28 82 59 82 5 72 3 56 0 17 48 76 56 60 96 26 53 23 34 15 87 97 24 41 34 13 41 7 27 33 45 39 99 67 39 66 97 67 83 51 48 2 77 3 15 76 9 11 62 17 8 85 78 62 59 64 44 84 59 33 48 46 54 67 21 11 66 
34 27 59 59 12 38 96 51 13 63 31 52 18 17 23 54 54 50 44 76 58 16 19 18 42 60 69 18 66 61 31 11 91 10 70 66 33 36 80 31 48 17 0 51 41 24 16 74 14 88 51 77 3 54 66 58 66 16 96 93 60 89 39 78 76 89 53 35 0 22 44 23 69 67 68 17 17 69 12 34 64 70 77 49 60 61 67 80 79 97 38 37 88 38 4 29 61 34 66 90 
29 52 73 62 4 3 73 84 27 82 31 96 86 62 51 48 77 84 96 55 35 29 14 13 39 39 43 2 96 55 49 95 82 72 52 21 97 51 91 34 15 48 51 0 56 9 8 15 67 55 99 99 98 59 18 23 89 93 37 86 47 62 15 1 91 8 7 4 98 61 85 22 34 33 46 32 91 92 34 77 63 70 78 3 7 17 67 42 68 33 39 78 56 20 23 96 60 97 45 46 
57 4 66 38 29 64 51 36 85 29 12 87 8 14 78 52 8 82 35 68 48 34 4 19 97 20 74 91 57 22 63 91 27 54 44 9 16 44 67 13 85 76 41 56 0 71 59 75 59 97 79 97 18 41 10 49 54 17 1 21 4 40 60 7 35 15 6 1 16 69 27 14 85 96 71 74 75 86 31 26 76 52 15 84 68 43 59 30 85 68 80 85 26 58 30 14 57 92 95 44 
14 64 51 83 90 25 61 0 46 56 95 55 19 31 56 50 45 95 88 4 8 3 13 76 30 42 39 56 13 86 14 28 60 51 24 58 98 47 87 20 0 56 24 9 71 0 39 84 99 82 13 96 60 65 78 60 46 33 76 64 19 25 70 28 80 77 43 58 39 24 17 57 97 19 4 0 58 49 85 37 45 45 12 64 34 86 57 4 94 17 12 10 21 6 89 37 79 57 43 94 
13 43 90 22 27 27 69 1 9 57 73 6 24 36 82 54 64 96 18 15 58 3 35 64 95 56 66 87 7 32 69 17 65 25 64 33 63 21 85 11 37 60 16 8 59 39 0 77 40 41 15 37 35 93 15 81 75 21 19 8 79 29 36 74 21 79 2 17 82 68 36 18 90 71 5 35 19 74 47 40 64 70 98 0 17 12 97 20 2 19 70 40 78 68 92 75 6 64 83 22 
2 41 51 42 18 4 43 82 2 92 3 79 88 48 25 66 45 10 92 76 58 25 35 8 78 56 3 29 56 30 34 21 33 64 73 70 59 26 97 50 36 96 74 15 75 84 77 0 15 91 59 53 17 45 5 37 22 71 34 14 16 40 58 80 94 24 66 5 30 15 7 74 99 55 20 27 42 20 54 54 77 73 75 80 83 48 67 71 44 64 16 87 64 7 82 60 30 38 82 14 
19 15 69 3 29 43 8 12 1 90 1 91 89 48 91 65 40 46 91 46 98 29 35 55 63 88 80 91 93 82 74 52 42 87 38 71 76 71 76 2 75 26 14 67 59 99 40 15 0 3 17 53 40 85 7 60 16 24 75 68 23 64 19 63 69 88 22 58 63 22 53 99 13 52 71 82 68 48 89 89 9 34 37 52 48 70 42 63 55 47 57 20 47 27 80 49 25 73 93 27 
12 33 92 77 23 77 47 98 42 91 46 7 21 54 5 90 2 4 27 24 2 66 72 24 80 57 34 68 81 63 66 6 24 31 74 29 81 17 40 23 19 53 88 55 97 82 41 91 3 0 92 79 71 60 50 12 4 55 53 97 30 87 4 5 27 49 86 59 84 35 88 81 6 18 18 15 33 56 64 77 63 29 3 37 14 99 44 25 86 52 62 69 84 47 43 34 51 44 40 52 
30 87 0 87 99 23 18 67 60 91 26 84 48 87 83 87 46 13 87 77 84 21 47 61 59 8 86 11 58 62 26 75 18 64 37 43 69 98 82 13 57 23 51 99 79 13 15 59 17 92 0 92 18 18 9 55 75 98 7 42 71 90 11 10 89 30 17 17 80 49 42 89 33 63 24 52 11 48 96 89 99 8 32 63 82 63 4 82 38 9 36 86 56 30 45 72 21 48 58 92 
54 27 37 73 4 16 99 54 65 90 92 36 86 44 66 67 57 60 16 78 25 19 94 79 56 33 88 77 40 33 13 45 50 81 87 71 65 85 47 50 31 34 77 99 97 96 37 53 53 79 92 0 50 89 10 97 3 49 93 97 77 85 23 29 1 49 0 97 89 81 56 20 44 30 46 34 53 37 79 99 76 41 46 72 47 46 84 42 90 82 56 24 34 59 55 75 67 88 75 28 
50 96 34 21 73 5 7 56 46 76 5 88 62 45 86 21 88 91 48 41 63 64 4 45 96 92 16 33 91 71 77 89 40 46 86 1 76 54 23 23 84 15 3 98 18 60 35 17 40 71 18 50 0 88 85 47 73 40 90 29 61 55 19 19 97 83 38 18 97 34 98 33 97 80 97 59 28 74 54 68 47 23 16 90 75 59 10 60 97 38 15 16 59 10 72 22 32 93 54 77 
92 90 42 22 29 27 80 83 31 97 89 98 81 15 65 71 55 94 75 40 77 21 42 76 20 61 75 92 23 69 18 33 75 42 2 88 76 21 72 6 37 87 54 59 41 65 93 45 85 60 18 89 88 0 66 58 38 94 24 7 11 68 46 46 26 11 69 61 93 53 12 42 78 3 61 19 43 40 69 50 20 73 79 87 25 37 96 25 86 0 36 15 65 95 94 4 34 59 57 75 
60 51 35 23 75 80 47 91 73 57 43 82 31 45 54 26 11 65 12 98 20 53 42 19 66 82 99 15 66 71 45 46 63 95 43 23 85 64 91 9 75 97 66 18 10 78 15 5 7 50 9 10 85 66 0 87 4 99 85 23 16 27 6 74 88 31 43 90 79 65 68 87 19 30 45 26 29 13 51 24 2 71 80 7 27 79 91 15 38 37 48 2 23 44 84 26 6 56 65 43 
55 25 76 34 98 53 44 83 82 60 25 78 23 55 53 30 98 52 58 39 7 34 2 9 90 28 86 58 42 56 52 4 70 11 87 3 68 30 17 41 7 24 58 23 49 60 81 37 60 12 55 97 47 58 87 0 3 44 56 33 30 45 35 1 23 72 75 32 75 73 20 25 9 28 49 87 71 90 98 19 0 25 0 57 55 41 20 51 75 83 44 38 55 36 83 76 37 7 96 7 
85 15 3 60 92 57 92 13 52 62 16 99 93 81 96 87 73 40 60 7 66 59 13 41 64 6 3 47 20 21 75 52 11 86 2 88 63 97 83 19 5 41 66 89 54 46 75 22 16 4 75 3 73 38 4 3 0 26 33 75 24 24 42 32 90 85 69 61 38 52 72 50 30 2 66 4 38 63 33 35 54 22 68 57 55 87 20 81 27 69 43 61 4 29 78 76 65 90 82 31 
34 42 90 93 95 94 96 41 16 14 3 91 28 70 28 66 85 36 21 13 17 75 82 4 59 20 96 5 14 70 24 18 76 49 35 84 80 93 93 90 57 34 16 93 17 33 21 71 24 55 98 49 40 94 99 44 26 0 6 81 54 3 85 53 73 80 63 93 84 94 54 15 28 37 66 65 81 75 95 66 66 85 80 46 4 2 46 83 23 38 20 65 28 3 3 5 13 42 91 91 
30 16 54 65 17 82 5 8 61 44 43 35 46 14 61 72 36 44 69 29 84 97 34 19 21 36 54 75 31 24 92 2 6 3 43 42 47 80 8 78 37 13 96 37 1 76 19 34 75 53 7 93 90 24 85 56 33 6 0 79 0 89 37 93 83 61 92 24 21 75 97 87 81 29 57 97 69 32 87 89 36 96 3 36 20 99 13 4 44 86 35 18 37 55 64 27 43 75 70 19 
3 37 36 51 76 20 1 36 83 40 40 88 88 3 80 2 76 8 34 10 37 97 31 51 29 59 18 10 37 50 58 62 30 34 34 76 72 77 77 64 88 41 93 86 21 64 8 14 68 97 42 97 29 7 23 33 75 81 79 0 23 28 23 49 11 75 61 59 38 59 3 6 50 90 40 92 16 37 14 34 15 72 71 37 34 12 38 17 28 93 93 40 50 73 40 68 20 30 49 4 
36 66 25 79 50 11 71 67 15 79 60 20 39 5 64 83 6 38 66 19 2 59 14 36 71 42 39 69 84 29 68 10 72 17 63 19 92 75 31 44 67 7 60 47 4 19 79 16 23 30 71 77 61 11 16 30 24 54 0 23 0 12 84 15 38 28 13 62 3 27 26 64 80 92 21 10 20 34 85 1 31 32 99 12 49 5 66 40 46 32 5 44 54 68 29 62 92 2 7 62 
50 7 41 30 87 94 28 79 15 37 39 90 41 61 35 54 51 99 7 60 6 34 48 19 6 59 11 30 76 17 75 2 4 55 96 39 62 29 53 41 91 27 89 62 40 25 29 40 64 87 90 85 55 68 27 45 24 3 89 28 12 0 48 88 49 91 42 29 56 0 59 22 41 86 62 25 5 19 80 77 43 18 8 71 50 95 39 60 73 45 17 48 62 73 61 87 58 2 3 43 
17 82 35 71 13 86 80 14 36 70 98 9 1 67 60 51 20 77 78 14 55 59 89 24 6 26 44 24 19 43 74 45 95 60 77 15 52 95 0 90 52 33 39 15 60 70 36 58 19 4 11 23 19 46 6 35 42 85 37 23 84 48 0 58 34 38 21 56 32 50 37 74 30 91 45 25 39 89 77 3 7 89 99 97 60 84 74 31 22 72 77 13 9 79 22 35 14 93 4 71 
67 28 45 11 88 88 47 65 86 9 78 96 80 90 82 12 50 82 70 69 45 9 50 35 7 13 22 72 81 47 65 22 58 35 93 84 77 57 31 95 51 45 78 1 7 28 74 80 63 5 10 29 19 46 74 1 32 53 93 49 15 88 58 0 60 22 66 95 42 12 33 39 31 35 18 52 73 54 70 99 74 82 72 13 21 43 81 35 66 23 14 87 34 96 33 73 30 38 77 12 
53 8 75 29 43 6 7 96 84 10 58 14 54 67 37 96 38 35 45 89 31 71 12 65 75 45 92 86 96 52 4 85 76 21 26 40 16 37 68 34 13 39 76 91 35 80 21 94 69 27 89 1 97 26 88 23 90 73 83 11 38 49 34 60 0 65 70 62 13 9 22 22 99 11 72 67 2 64 75 57 6 50 9 27 3 63 63 50 37 28 75 43 70 41 39 74 21 13 37 95 
55 85 55 4 23 31 71 59 79 42 6 77 21 13 55 33 4 68 99 99 96 73 93 16 77 6 50 99 75 46 67 3 70 81 85 25 87 48 48 41 52 99 89 8 15 77 79 24 88 49 30 49 83 11 31 72 85 80 61 75 28 91 38 22 65 0 80 14 35 73 38 43 21 26 6 54 33 95 96 97 42 88 57 88 54 80 15 22 38 15 94 38 45 13 94 9 40 85 94 81 
24 44 73 56 64 84 15 19 78 7 0 98 80 86 43 26 32 51 1 30 22 9 27 27 95 24 14 97 70 90 66 37 14 98 19 58 78 16 16 77 23 67 53 7 6 43 2 66 22 86 17 0 38 69 43 75 69 63 92 61 13 42 21 66 70 80 0 81 22 59 16 72 54 35 19 75 80 60 30 37 28 5 47 69 39 99 39 61 99 46 49 71 82 34 69 65 71 74 43 73 
50 31 3 6 86 69 29 84 86 35 51 6 41 85 1 49 22 33 62 9 80 79 71 70 3 66 22 62 56 93 13 74 70 16 70 96 19 69 82 9 11 39 35 4 1 58 17 5 58 59 17 97 18 61 90 32 61 93 24 59 62 29 56 95 62 14 81 0 51 23 90 4 35 94 76 39 18 6 34 24 1 88 46 99 42 1 88 65 19 57 13 78 41 34 45 79 65 97 80 51 
55 8 54 0 16 70 15 70 38 91 17 2 24 69 51 69 45 76 30 98 79 61 1 36 37 59 44 66 98 6 56 58 96 86 55 58 24 53 8 6 97 66 0 98 16 39 82 30 63 84 80 89 97 93 79 75 38 84 21 38 3 56 32 42 13 35 22 51 0 62 53 14 3 58 54 57 53 75 73 20 34 46 85 85 33 66 99 43 44 74 11 63 53 62 54 29 10 96 29 80 
88 87 49 84 15 9 10 89 41 66 67 84 54 32 88 5 65 92 37 56 60 37 62 85 57 62 99 66 60 35 5 15 39 16 99 63 13 94 12 83 25 97 22 61 69 24 68 15 22 35 49 81 34 53 65 73 52 94 75 59 27 0 50 12 9 73 59 23 62 0 34 25 40 74 44 34 52 61 42 8 26 8 3 80 40 26 66 76 7 82 7 84 37 94 21 24 54 46 30 52 
20 45 96 51 81 63 78 26 17 89 52 88 81 62 11 37 8 97 36 9 39 39 42 78 71 14 96 31 48 11 16 53 52 63 6 36 66 90 28 98 46 67 44 85 27 17 36 7 53 88 42 56 98 12 68 20 72 54 97 3 26 59 37 33 22 38 16 90 53 34 0 97 82 18 46 19 12 62 35 18 85 90 9 53 30 43 25 22 43 71 10 31 15 10 66 25 28 29 81 1 
70 8 64 18 40 61 3 2 49 10 86 3 82 53 40 46 22 79 38 68 27 64 92 5 19 67 34 90 84 36 68 35 80 60 87 75 31 71 32 65 55 83 23 22 14 57 18 74 99 81 89 20 33 42 87 25 50 15 87 6 64 22 74 39 22 43 72 4 14 25 97 0 82 99 3 49 91 52 26 31 3 91 62 34 33 16 14 10 2 70 33 10 16 99 73 1 36 94 19 54 
20 44 61 96 2 70 95 81 43 93 1 12 96 93 11 97 88 31 6 55 22 1 79 87 27 32 46 91 52 49 83 36 17 88 98 94 18 16 81 69 48 51 69 34 85 97 90 99 13 6 33 44 97 78 19 9 30 28 81 50 80 41 30 31 99 21 54 35 3 40 82 82 0 67 26 67 21 11 65 99 13 26 12 21 20 91 34 98 88 68 37 91 21 72 76 2 8 23 59 57 
15 53 36 44 69 35 1 94 69 39 95 23 54 44 98 28 50 50 57 88 8 18 92 45 46 48 34 66 99 78 8 29 63 47 77 24 40 63 6 40 10 48 67 33 96 19 71 55 52 18 63 30 80 3 30 28 2 37 29 90 92 86 91 35 11 26 35 94 58 74 18 99 67 0 93 0 25 83 29 95 0 20 84 20 84 88 30 20 85 75 85 12 87 84 74 79 76 92 21 85 
95 59 9 47 80 69 17 98 71 36 7 74 53 57 61 17 65 16 10 2 32 36 55 18 34 63 38 24 47 81 93 72 25 38 63 7 33 66 25 92 8 2 68 46 71 4 5 20 71 18 24 46 97 61 45 49 66 66 57 40 21 62 45 18 72 6 19 76 54 44 46 3 26 93 0 45 54 32 90 6 2 81 31 36 3 20 21 14 14 83 53 68 5 59 17 76 52 20 6 46 
7 87 28 4 87 38 14 7 34 19 30 97 34 60 71 73 8 64 67 88 73 43 85 1 29 82 92 53 11 42 75 70 77 46 92 6 50 24 34 65 56 77 17 32 74 0 35 27 82 15 52 34 59 19 26 87 4 65 97 92 10 25 25 52 67 54 75 39 57 34 19 49 67 0 45 0 79 14 37 2 77 64 71 13 61 47 5 73 8 43 62 72 75 21 65 68 42 1 74 33 
10 43 75 91 83 16 61 57 58 57 76 66 85 90 56 49 95 75 77 79 44 63 88 65 51 82 53 55 27 57 60 11 73 85 40 44 82 3 75 77 31 3 17 91 75 58 19 42 68 33 11 53 28 43 29 71 38 81 69 16 20 5 39 73 2 33 80 18 53 52 12 91 21 25 54 79 0 46 25 84 16 4 51 13 59 44 35 40 78 53 52 52 32 34 44 9 4 94 56 83 
9 82 49 7 7 32 90 64 32 25 38 28 16 27 97 67 32 60 68 85 94 58 82 75 66 34 50 49 71 12 75 42 87 47 83 9 93 91 37 53 22 15 69 92 86 49 74 20 48 56 48 37 74 40 13 90 63 75 32 37 34 19 89 54 64 95 60 6 75 61 62 52 11 83 32 14 46 0 79 89 59 35 31 60 48 12 63 40 62 55 38 18 15 22 6 10 81 61 84 94 
5 12 77 52 56 44 20 43 62 11 78 3 15 12 8 54 25 96 27 34 40 95 46 10 24 2 7 35 23 13 19 50 27 61 57 74 85 57 62 75 68 76 12 34 31 85 47 54 89 64 96 79 54 69 51 98 33 95 87 14 85 80 77 70 75 96 30 34 73 42 35 26 65 29 90 37 25 79 0 1 79 14 29 87 22 90 26 60 0 11 67 19 46 19 36 66 45 66 78 56 
93 2 48 36 58 5 39 97 43 98 71 76 46 90 76 75 74 98 60 12 38 83 52 53 87 98 34 63 34 19 27 81 5 0 7 7 55 85 94 34 38 9 34 77 26 37 40 54 89 77 89 99 68 50 24 19 35 66 89 34 1 77 3 99 57 97 37 24 20 8 18 31 99 95 6 2 84 89 1 0 71 49 20 88 96 23 21 97 63 6 62 77 72 95 11 57 56 87 18 3 
95 7 26 95 88 21 30 17 37 23 27 2 91 90 39 13 2 88 58 31 59 49 20 55 14 22 92 46 64 32 11 7 97 43 76 78 6 49 59 12 27 11 64 63 76 45 64 77 9 63 99 76 47 20 2 0 54 66 36 15 31 43 7 74 6 42 28 1 34 26 85 3 13 0 2 77 16 59 79 71 0 88 62 81 27 47 79 14 40 11 66 76 46 99 46 52 93 94 30 6 
58 3 34 86 82 68 0 73 31 76 48 91 24 10 57 60 79 94 24 97 85 2 50 17 70 77 9 27 28 19 39 91 8 37 28 55 81 78 49 77 9 62 70 70 52 45 70 73 34 29 8 41 23 73 71 25 22 85 96 72 32 18 89 82 50 88 5 88 46 8 90 91 26 20 81 64 4 35 14 49 88 0 22 16 30 26 6 12 55 72 97 18 8 64 24 87 38 78 98 65 
77 58 70 19 63 99 46 22 48 95 33 51 14 5 62 25 30 87 25 34 77 7 14 33 20 11 44 47 37 76 88 15 72 37 17 37 56 98 72 5 37 17 77 78 15 12 98 75 37 3 32 46 16 79 80 0 68 80 3 71 99 8 99 72 9 57 47 46 85 3 9 62 12 84 31 71 51 31 29 20 62 22 0 39 70 29 65 63 99 13 13 48 44 24 95 67 88 80 57 28 
73 11 96 66 26 63 59 85 80 9 4 75 3 54 66 95 11 72 1 60 75 54 17 25 60 8 53 8 34 59 78 77 38 99 56 91 23 46 68 42 68 8 49 3 84 64 0 80 52 37 63 72 90 87 7 57 57 46 36 37 12 71 97 13 27 88 69 99 85 80 53 34 21 20 36 13 13 60 87 88 81 16 39 0 11 54 5 38 14 59 97 93 90 64 81 37 22 16 26 96 
31 85 99 10 33 8 49 84 39 36 4 39 6 47 10 36 41 60 67 86 2 86 37 25 27 2 55 36 62 75 26 61 76 44 68 25 55 78 53 89 29 85 60 7 68 34 17 83 48 14 82 47 75 25 27 55 55 4 20 34 49 50 60 21 3 54 39 42 33 40 30 33 20 84 3 61 59 48 22 96 27 30 70 11 0 39 99 51 1 75 68 45 32 70 87 28 2 63 15 81 
26 49 75 44 68 71 61 39 15 47 25 28 32 43 88 79 1 43 86 6 6 69 3 85 10 86 35 49 91 0 58 65 8 59 4 76 49 0 82 31 21 78 61 17 43 86 12 48 70 99 63 46 59 37 79 41 87 2 99 12 5 95 84 43 63 80 99 1 66 26 43 16 91 88 20 47 44 12 90 23 47 26 29 54 39 0 41 15 46 89 61 95 11 49 29 89 11 94 25 70 
26 12 17 2 5 7 53 23 63 97 86 80 84 5 66 56 45 38 43 39 94 71 94 96 41 83 34 26 35 76 29 62 70 16 64 67 11 82 60 72 1 62 67 67 59 57 97 67 42 44 4 84 10 96 91 20 20 46 13 38 66 39 74 81 63 15 39 88 99 66 25 14 34 30 21 5 35 63 26 21 79 6 65 5 99 41 0 82 19 70 47 76 33 89 58 3 93 45 3 19 
35 57 43 73 35 31 94 64 85 41 63 13 51 69 9 38 91 33 99 58 75 94 80 16 29 38 9 88 57 27 48 84 77 86 24 72 98 34 96 10 65 59 80 42 30 4 20 71 63 25 82 42 60 25 15 51 81 83 4 17 40 60 31 35 50 22 61 65 43 76 22 10 98 20 14 73 40 40 60 97 14 12 63 38 51 15 82 0 30 11 60 12 62 80 95 53 79 62 35 50 
33 50 16 59 79 76 33 81 39 59 3 60 77 13 9 36 89 96 59 65 96 98 75 67 77 40 31 98 59 48 78 0 55 39 70 27 93 69 32 9 83 64 79 68 85 94 2 44 55 86 38 90 97 86 38 75 27 23 44 28 46 73 22 66 37 38 99 19 44 7 43 2 88 85 14 8 78 62 0 63 40 55 99 14 1 46 19 30 0 89 89 78 73 14 69 85 47 19 12 93 
53 80 50 27 28 29 37 75 39 58 50 32 79 67 20 31 15 70 93 50 43 54 17 97 19 63 82 44 13 51 70 90 93 63 63 99 50 21 51 94 10 44 97 33 68 17 19 64 47 52 9 82 38 0 37 83 69 38 86 93 32 45 72 23 28 15 46 57 74 82 71 70 68 75 83 43 53 55 11 6 11 72 13 59 75 89 70 11 89 0 17 84 77 94 26 3 8 43 7 26 
53 15 34 55 69 97 6 37 77 52 30 59 56 0 1 90 16 58 21 58 73 4 60 18 40 3 84 48 70 67 15 7 51 16 73 47 48 37 13 44 88 84 38 39 80 12 70 16 57 62 36 56 15 36 48 44 43 20 35 93 5 17 77 14 75 94 49 13 11 7 10 33 37 85 53 62 52 38 67 62 66 97 13 97 68 61 47 60 89 17 0 90 83 94 45 10 71 42 54 10 
91 85 18 58 47 35 39 0 51 72 68 60 18 51 24 67 78 82 80 4 43 7 88 4 92 97 12 67 45 51 21 84 25 97 33 89 33 94 22 24 82 59 37 78 85 10 40 87 20 69 86 24 16 15 2 38 61 65 18 40 44 48 13 87 43 38 71 78 63 84 31 10 91 12 68 72 52 18 19 77 76 18 48 93 45 95 76 12 78 84 90 0 72 95 18 40 79 34 6 60 
89 22 52 92 79 25 59 22 37 42 3 33 12 21 77 90 51 73 79 55 36 35 10 22 64 48 59 40 10 86 59 16 79 80 37 33 86 70 30 23 11 33 88 56 26 21 78 64 47 84 56 34 59 65 23 55 4 28 37 50 54 62 9 34 70 45 82 41 53 37 15 16 21 87 5 75 32 15 46 72 46 8 44 90 32 11 33 62 73 77 83 72 0 40 67 96 7 92 26 74 
5 52 53 98 78 62 79 19 49 93 4 36 68 6 87 30 94 35 97 88 38 78 19 6 54 5 57 50 36 4 76 55 79 21 54 41 60 4 70 98 29 48 38 20 58 6 68 7 27 47 30 59 10 95 44 36 29 3 55 73 68 73 79 96 41 13 34 34 62 94 10 99 72 84 59 21 34 22 19 95 99 64 24 64 70 49 89 80 14 94 94 95 40 0 10 79 98 19 57 46 
84 79 7 39 76 21 50 45 8 97 23 25 30 64 96 89 94 88 94 48 94 98 13 56 51 66 87 21 43 47 92 41 41 19 3 21 86 86 28 17 23 46 4 23 30 89 92 82 80 43 45 55 72 94 84 83 78 3 64 40 29 61 22 33 39 94 69 45 54 21 66 73 76 74 17 65 44 6 36 11 46 24 95 81 87 29 58 95 69 26 45 18 67 10 0 1 94 83 27 30 
54 0 45 14 17 88 67 88 27 52 51 76 24 58 3 95 49 29 82 66 99 58 52 23 32 46 19 40 75 73 1 22 13 97 15 33 52 3 66 34 2 54 29 96 14 37 75 60 49 34 72 75 22 4 26 76 76 5 27 68 62 87 35 73 74 9 65 79 29 24 25 1 2 79 76 68 9 10 66 57 52 87 67 37 28 89 3 53 85 3 10 40 96 79 1 0 93 83 3 24 
75 36 9 52 93 41 11 49 23 2 3 3 79 8 58 38 8 27 75 26 17 13 11 32 25 8 31 76 41 27 36 17 23 34 93 80 91 87 55 63 2 67 61 60 57 79 6 30 25 51 21 67 32 34 6 37 65 13 43 20 92 58 14 30 21 40 71 65 10 54 28 36 8 76 52 42 4 81 45 56 93 38 88 22 2 11 93 79 47 8 71 79 7 98 94 93 0 25 53 45 
70 69 21 36 79 72 35 46 85 74 28 24 97 0 82 51 34 68 49 90 69 59 78 25 76 17 35 48 8 68 67 28 68 48 56 60 89 3 44 91 76 21 34 97 92 57 64 38 73 44 48 88 93 59 56 7 90 42 75 30 2 2 93 38 13 85 74 97 96 46 29 94 23 92 20 1 94 61 66 87 94 78 80 16 63 94 45 62 19 43 42 34 92 19 83 83 25 0 70 79 
69 46 89 91 8 93 4 23 49 27 72 98 62 86 26 9 62 70 55 77 6 81 30 53 28 24 87 79 96 40 63 88 76 68 10 94 98 85 25 43 23 11 66 45 95 43 83 82 93 40 58 75 54 57 65 96 82 91 70 49 7 3 4 77 37 94 43 80 29 30 81 19 59 21 6 74 56 84 78 18 30 98 57 26 15 25 3 35 12 7 54 6 26 57 27 3 53 70 0 75 
1 86 29 9 98 18 75 10 92 0 80 88 10 43 69 57 84 47 31 63 1 81 17 18 95 49 17 79 3 58 67 26 88 73 91 0 28 83 26 94 60 66 90 46 44 94 22 14 27 52 92 28 77 75 43 7 31 91 19 4 62 43 71 12 95 81 73 51 80 52 1 54 57 85 46 33 83 94 56 3 6 65 28 96 81 70 19 50 93 26 10 60 74 46 30 24 45 79 75 0 
